time,.header.seq,.header.stamp.secs,.header.stamp.nsecs,.header.frame_id,.voltage,.temperature,.current,.charge,.capacity,.design_capacity,.percentage,.power_supply_status,.power_supply_health,.power_supply_technology,.present,.cell_voltage,.cell_temperature,.location,.serial_number
2025/07/05/17:47:55.714615,18750,1751712475,714235187,,11.868000984191895,0.0,-0.8799999952316284,nan,nan,nan,0.75,2,0,0,True,"(11.868000984191895,)",(),id1,
2025/07/05/17:47:55.757650,18751,1751712475,754322921,,0.0,0.0,0.009999999776482582,nan,nan,nan,-0.009999999776482582,2,0,0,True,(),(),,
2025/07/05/17:47:55.796269,18752,1751712475,796005519,,11.868000984191895,0.0,-0.8799999952316284,nan,nan,nan,0.75,2,0,0,True,"(11.868000984191895,)",(),id1,
2025/07/05/17:47:55.854671,18753,1751712475,854264819,,0.0,0.0,0.009999999776482582,nan,nan,nan,-0.009999999776482582,2,0,0,True,(),(),,
2025/07/05/17:47:55.934763,18754,1751712475,934157200,,11.868000984191895,0.0,-1.0099999904632568,nan,nan,nan,0.75,2,0,0,True,"(11.868000984191895,)",(),id1,
2025/07/05/17:47:55.974475,18755,1751712475,974200972,,0.0,0.0,0.009999999776482582,nan,nan,nan,-0.009999999776482582,2,0,0,True,(),(),,
2025/07/05/17:47:56.037662,18756,1751712476,37259018,,11.868000984191895,0.0,-0.9699999690055847,nan,nan,nan,0.75,2,0,0,True,"(11.868000984191895,)",(),id1,
2025/07/05/17:47:56.075058,18757,1751712476,74479616,,0.0,0.0,0.009999999776482582,nan,nan,nan,-0.009999999776482582,2,0,0,True,(),(),,
2025/07/05/17:47:56.134607,18758,1751712476,134140298,,11.869000434875488,0.0,-0.8199999928474426,nan,nan,nan,0.75,2,0,0,True,"(11.869000434875488,)",(),id1,
2025/07/05/17:47:56.175190,18759,1751712476,174765408,,0.0,0.0,0.009999999776482582,nan,nan,nan,-0.009999999776482582,2,0,0,True,(),(),,
2025/07/05/17:47:56.237413,18760,1751712476,236994776,,11.870000839233398,0.0,-0.7199999690055847,nan,nan,nan,0.75,2,0,0,True,"(11.870000839233398,)",(),id1,
2025/07/05/17:47:56.275093,18761,1751712476,274817916,,0.0,0.0,0.009999999776482582,nan,nan,nan,-0.009999999776482582,2,0,0,True,(),(),,
2025/07/05/17:47:56.334791,18762,1751712476,334217900,,11.871000289916992,0.0,-0.6499999761581421,nan,nan,nan,0.75,2,0,0,True,"(11.871000289916992,)",(),id1,
2025/07/05/17:47:56.416702,18763,1751712476,415828273,,0.0,0.0,0.009999999776482582,nan,nan,nan,-0.009999999776482582,2,0,0,True,(),(),,
2025/07/05/17:47:56.534549,18764,1751712476,534142081,,11.870000839233398,0.0,-0.7799999713897705,nan,nan,nan,0.75,2,0,0,True,"(11.870000839233398,)",(),id1,
2025/07/05/17:47:56.575002,18765,1751712476,574435928,,0.0,0.0,0.009999999776482582,nan,nan,nan,-0.009999999776482582,2,0,0,True,(),(),,
2025/07/05/17:47:56.637714,18766,1751712476,637414925,,11.867000579833984,0.0,-0.8799999952316284,nan,nan,nan,0.75,2,0,0,True,"(11.867000579833984,)",(),id1,
2025/07/05/17:47:56.676221,18767,1751712476,674802473,,0.0,0.0,0.009999999776482582,nan,nan,nan,-0.009999999776482582,2,0,0,True,(),(),,
2025/07/05/17:47:56.715703,18768,1751712476,715265926,,11.867000579833984,0.0,-0.85999995470047,nan,nan,nan,0.75,2,0,0,True,"(11.867000579833984,)",(),id1,
2025/07/05/17:47:56.755037,18769,1751712476,754099727,,0.0,0.0,0.009999999776482582,nan,nan,nan,-0.009999999776482582,2,0,0,True,(),(),,
2025/07/05/17:47:56.815699,18770,1751712476,815093076,,11.870000839233398,0.0,-0.7199999690055847,nan,nan,nan,0.75,2,0,0,True,"(11.870000839233398,)",(),id1,
2025/07/05/17:47:56.854692,18771,1751712476,853990652,,0.0,0.0,0.009999999776482582,nan,nan,nan,-0.009999999776482582,2,0,0,True,(),(),,
2025/07/05/17:47:56.895946,18772,1751712476,895383047,,11.870000839233398,0.0,-0.7199999690055847,nan,nan,nan,0.75,2,0,0,True,"(11.870000839233398,)",(),id1,
2025/07/05/17:47:56.975021,18773,1751712476,974435011,,0.0,0.0,0.009999999776482582,nan,nan,nan,-0.009999999776482582,2,0,0,True,(),(),,
2025/07/05/17:47:57.016485,18774,1751712477,16061889,,11.86500072479248,0.0,-0.9399999976158142,nan,nan,nan,0.75,2,0,0,True,"(11.86500072479248,)",(),id1,
2025/07/05/17:47:57.055026,18775,1751712477,53981895,,0.0,0.0,0.009999999776482582,nan,nan,nan,-0.009999999776482582,2,0,0,True,(),(),,
2025/07/05/17:47:57.095948,18776,1751712477,95200317,,11.86500072479248,0.0,-0.9399999976158142,nan,nan,nan,0.75,2,0,0,True,"(11.86500072479248,)",(),id1,
2025/07/05/17:47:57.134731,18777,1751712477,134090360,,0.0,0.0,0.009999999776482582,nan,nan,nan,-0.009999999776482582,2,0,0,True,(),(),,
2025/07/05/17:47:57.195945,18778,1751712477,195164676,,11.868000984191895,0.0,-0.85999995470047,nan,nan,nan,0.75,2,0,0,True,"(11.868000984191895,)",(),id1,
2025/07/05/17:47:57.237608,18779,1751712477,236822161,,0.0,0.0,0.009999999776482582,nan,nan,nan,-0.009999999776482582,2,0,0,True,(),(),,
2025/07/05/17:47:57.275822,18780,1751712477,275279941,,11.867000579833984,0.0,-0.8499999642372131,nan,nan,nan,0.75,2,0,0,True,"(11.867000579833984,)",(),id1,
2025/07/05/17:47:57.315625,18781,1751712477,314829957,,0.0,0.0,0.009999999776482582,nan,nan,nan,-0.009999999776482582,2,0,0,True,(),(),,
2025/07/05/17:47:57.355204,18782,1751712477,354370922,,11.869000434875488,0.0,-0.8499999642372131,nan,nan,nan,0.75,2,0,0,True,"(11.869000434875488,)",(),id1,
2025/07/05/17:47:57.437810,18783,1751712477,437102415,,0.0,0.0,0.009999999776482582,nan,nan,nan,-0.009999999776482582,2,0,0,True,(),(),,
2025/07/05/17:47:57.515830,18784,1751712477,515131538,,11.867000579833984,0.0,-0.8499999642372131,nan,nan,nan,0.75,2,0,0,True,"(11.867000579833984,)",(),id1,
2025/07/05/17:47:57.575101,18785,1751712477,574217675,,0.0,0.0,0.009999999776482582,nan,nan,nan,-0.009999999776482582,2,0,0,True,(),(),,
2025/07/05/17:47:57.618036,18786,1751712477,617812229,,11.868000984191895,0.0,-0.8199999928474426,nan,nan,nan,0.75,2,0,0,True,"(11.868000984191895,)",(),id1,
2025/07/05/17:47:57.655212,18787,1751712477,654296112,,0.0,0.0,0.009999999776482582,nan,nan,nan,-0.009999999776482582,2,0,0,True,(),(),,
2025/07/05/17:47:57.715976,18788,1751712477,715284125,,11.872000694274902,0.0,-0.5199999809265137,nan,nan,nan,0.75,2,0,0,True,"(11.872000694274902,)",(),id1,
2025/07/05/17:47:57.755091,18789,1751712477,754443981,,0.0,0.0,0.009999999776482582,nan,nan,nan,-0.009999999776482582,2,0,0,True,(),(),,
2025/07/05/17:47:57.817705,18790,1751712477,817210002,,11.874000549316406,0.0,-0.429999977350235,nan,nan,nan,0.75,2,0,0,True,"(11.874000549316406,)",(),id1,
2025/07/05/17:47:57.855298,18791,1751712477,854385973,,0.0,0.0,0.009999999776482582,nan,nan,nan,-0.009999999776482582,2,0,0,True,(),(),,
2025/07/05/17:47:57.954433,18792,1751712477,954051530,,11.875000953674316,0.0,-0.4099999964237213,nan,nan,nan,0.75,2,0,0,True,"(11.875000953674316,)",(),id1,
2025/07/05/17:47:57.996294,18793,1751712477,995527881,,0.0,0.0,0.009999999776482582,nan,nan,nan,-0.009999999776482582,2,0,0,True,(),(),,
2025/07/05/17:47:58.018224,18794,1751712478,17998814,,11.878000259399414,0.0,-0.3799999952316284,nan,nan,nan,0.75,2,0,0,True,"(11.878000259399414,)",(),id1,
2025/07/05/17:47:58.075314,18795,1751712478,74560914,,0.0,0.0,0.009999999776482582,nan,nan,nan,-0.009999999776482582,2,0,0,True,(),(),,
2025/07/05/17:47:58.115581,18796,1751712478,115239753,,11.874000549316406,0.0,-0.429999977350235,nan,nan,nan,0.75,2,0,0,True,"(11.874000549316406,)",(),id1,
2025/07/05/17:47:58.154329,18797,1751712478,153882157,,0.0,0.0,0.009999999776482582,nan,nan,nan,-0.009999999776482582,2,0,0,True,(),(),,
2025/07/05/17:47:58.196215,18798,1751712478,196032833,,11.874000549316406,0.0,-0.429999977350235,nan,nan,nan,0.75,2,0,0,True,"(11.874000549316406,)",(),id1,
2025/07/05/17:47:58.254448,18799,1751712478,253915501,,0.0,0.0,0.009999999776482582,nan,nan,nan,-0.009999999776482582,2,0,0,True,(),(),,
2025/07/05/17:47:58.315606,18800,1751712478,315164666,,11.878000259399414,0.0,-0.3199999928474426,nan,nan,nan,0.75,2,0,0,True,"(11.878000259399414,)",(),id1,
2025/07/05/17:47:58.355020,18801,1751712478,354298700,,0.0,0.0,0.009999999776482582,nan,nan,nan,-0.009999999776482582,2,0,0,True,(),(),,
2025/07/05/17:47:58.454826,18802,1751712478,454246058,,11.87600040435791,0.0,-0.32999998331069946,nan,nan,nan,0.75,2,0,0,True,"(11.87600040435791,)",(),id1,
2025/07/05/17:47:58.534178,18803,1751712478,533810650,,0.0,0.0,0.009999999776482582,nan,nan,nan,-0.009999999776482582,2,0,0,True,(),(),,
2025/07/05/17:47:58.574088,18804,1751712478,573966867,,11.879000663757324,0.0,-0.3400000035762787,nan,nan,nan,0.75,2,0,0,True,"(11.879000663757324,)",(),id1,
2025/07/05/17:47:58.614828,18805,1751712478,614614723,,0.0,0.0,0.009999999776482582,nan,nan,nan,-0.009999999776482582,2,0,0,True,(),(),,
2025/07/05/17:47:58.674126,18806,1751712478,674008319,,11.875000953674316,0.0,-0.32999998331069946,nan,nan,nan,0.75,2,0,0,True,"(11.875000953674316,)",(),id1,
2025/07/05/17:47:58.715605,18807,1751712478,715155904,,0.0,0.0,0.009999999776482582,nan,nan,nan,-0.009999999776482582,2,0,0,True,(),(),,
2025/07/05/17:47:58.754507,18808,1751712478,754247420,,11.87700080871582,0.0,-0.3199999928474426,nan,nan,nan,0.75,2,0,0,True,"(11.87700080871582,)",(),id1,
2025/07/05/17:47:58.815445,18809,1751712478,814843956,,0.0,0.0,0.009999999776482582,nan,nan,nan,-0.009999999776482582,2,0,0,True,(),(),,
2025/07/05/17:47:58.874507,18810,1751712478,874118674,,11.878000259399414,0.0,-0.3199999928474426,nan,nan,nan,0.75,2,0,0,True,"(11.878000259399414,)",(),id1,
2025/07/05/17:47:58.915926,18811,1751712478,914936293,,0.0,0.0,0.009999999776482582,nan,nan,nan,-0.009999999776482582,2,0,0,True,(),(),,
2025/07/05/17:47:58.974808,18812,1751712478,974235741,,11.87700080871582,0.0,-0.32999998331069946,nan,nan,nan,0.75,2,0,0,True,"(11.87700080871582,)",(),id1,
2025/07/05/17:47:59.035186,18813,1751712479,34588730,,0.0,0.0,0.009999999776482582,nan,nan,nan,-0.009999999776482582,2,0,0,True,(),(),,
2025/07/05/17:47:59.095756,18814,1751712479,95093703,,11.87700080871582,0.0,-0.3199999928474426,nan,nan,nan,0.75,2,0,0,True,"(11.87700080871582,)",(),id1,
2025/07/05/17:47:59.134929,18815,1751712479,134272600,,0.0,0.0,0.009999999776482582,nan,nan,nan,-0.009999999776482582,2,0,0,True,(),(),,
2025/07/05/17:47:59.195644,18816,1751712479,195253535,,11.874000549316406,0.0,-0.32999998331069946,nan,nan,nan,0.75,2,0,0,True,"(11.874000549316406,)",(),id1,
2025/07/05/17:47:59.254905,18817,1751712479,254017512,,0.0,0.0,0.009999999776482582,nan,nan,nan,-0.009999999776482582,2,0,0,True,(),(),,
2025/07/05/17:47:59.295634,18818,1751712479,295118065,,11.879000663757324,0.0,-0.3199999928474426,nan,nan,nan,0.75,2,0,0,True,"(11.879000663757324,)",(),id1,
2025/07/05/17:47:59.354629,18819,1751712479,353873476,,0.0,0.0,0.009999999776482582,nan,nan,nan,-0.009999999776482582,2,0,0,True,(),(),,
2025/07/05/17:47:59.515443,18820,1751712479,515045542,,11.87700080871582,0.0,-0.3199999928474426,nan,nan,nan,0.75,2,0,0,True,"(11.87700080871582,)",(),id1,
2025/07/05/17:47:59.554822,18821,1751712479,554202789,,0.0,0.0,0.009999999776482582,nan,nan,nan,-0.009999999776482582,2,0,0,True,(),(),,
2025/07/05/17:47:59.596379,18822,1751712479,596173300,,11.87700080871582,0.0,-0.3199999928474426,nan,nan,nan,0.75,2,0,0,True,"(11.87700080871582,)",(),id1,
2025/07/05/17:47:59.654616,18823,1751712479,653965225,,0.0,0.0,0.009999999776482582,nan,nan,nan,-0.009999999776482582,2,0,0,True,(),(),,
2025/07/05/17:47:59.714718,18824,1751712479,714171971,,11.874000549316406,0.0,-0.35999998450279236,nan,nan,nan,0.75,2,0,0,True,"(11.874000549316406,)",(),id1,
2025/07/05/17:47:59.755030,18825,1751712479,754246986,,0.0,0.0,0.009999999776482582,nan,nan,nan,-0.009999999776482582,2,0,0,True,(),(),,
2025/07/05/17:47:59.817756,18826,1751712479,817296474,,11.87700080871582,0.0,-0.3499999940395355,nan,nan,nan,0.75,2,0,0,True,"(11.87700080871582,)",(),id1,
2025/07/05/17:47:59.855073,18827,1751712479,854176687,,0.0,0.0,0.009999999776482582,nan,nan,nan,-0.009999999776482582,2,0,0,True,(),(),,
2025/07/05/17:47:59.934854,18828,1751712479,934339395,,11.87700080871582,0.0,-0.3700000047683716,nan,nan,nan,0.75,2,0,0,True,"(11.87700080871582,)",(),id1,
2025/07/05/17:47:59.975226,18829,1751712479,974380366,,0.0,0.0,0.009999999776482582,nan,nan,nan,-0.009999999776482582,2,0,0,True,(),(),,
2025/07/05/17:48:00.018825,18830,1751712480,18157519,,11.875000953674316,0.0,-0.3499999940395355,nan,nan,nan,0.75,2,0,0,True,"(11.875000953674316,)",(),id1,
2025/07/05/17:48:00.054678,18831,1751712480,53826903,,0.0,0.0,0.009999999776482582,nan,nan,nan,-0.009999999776482582,2,0,0,True,(),(),,
2025/07/05/17:48:00.114863,18832,1751712480,114311844,,11.878000259399414,0.0,-0.38999998569488525,nan,nan,nan,0.75,2,0,0,True,"(11.878000259399414,)",(),id1,
2025/07/05/17:48:00.154967,18833,1751712480,154260582,,0.0,0.0,0.009999999776482582,nan,nan,nan,-0.009999999776482582,2,0,0,True,(),(),,
2025/07/05/17:48:00.200435,18834,1751712480,196106329,,11.878000259399414,0.0,-0.38999998569488525,nan,nan,nan,0.75,2,0,0,True,"(11.878000259399414,)",(),id1,
2025/07/05/17:48:00.234492,18835,1751712480,234093896,,0.0,0.0,0.009999999776482582,nan,nan,nan,-0.009999999776482582,2,0,0,True,(),(),,
2025/07/05/17:48:00.295888,18836,1751712480,295647528,,11.87700080871582,0.0,-0.38999998569488525,nan,nan,nan,0.75,2,0,0,True,"(11.87700080871582,)",(),id1,
2025/07/05/17:48:00.334170,18837,1751712480,333626163,,0.0,0.0,0.009999999776482582,nan,nan,nan,-0.009999999776482582,2,0,0,True,(),(),,
2025/07/05/17:48:00.437474,18838,1751712480,437097283,,11.87600040435791,0.0,-0.3400000035762787,nan,nan,nan,0.75,2,0,0,True,"(11.87600040435791,)",(),id1,
2025/07/05/17:48:00.496355,18839,1751712480,495318032,,0.0,0.0,0.009999999776482582,nan,nan,nan,-0.009999999776482582,2,0,0,True,(),(),,
2025/07/05/17:48:00.574579,18840,1751712480,574111661,,11.879000663757324,0.0,-0.3499999940395355,nan,nan,nan,0.75,2,0,0,True,"(11.879000663757324,)",(),id1,
2025/07/05/17:48:00.618322,18841,1751712480,617493157,,0.0,0.0,0.009999999776482582,nan,nan,nan,-0.009999999776482582,2,0,0,True,(),(),,
2025/07/05/17:48:00.655227,18842,1751712480,654920836,,11.879000663757324,0.0,-0.3400000035762787,nan,nan,nan,0.75,2,0,0,True,"(11.879000663757324,)",(),id1,
2025/07/05/17:48:00.695651,18843,1751712480,694840218,,0.0,0.0,0.009999999776482582,nan,nan,nan,-0.009999999776482582,2,0,0,True,(),(),,
2025/07/05/17:48:00.734972,18844,1751712480,734316872,,11.879000663757324,0.0,-0.3400000035762787,nan,nan,nan,0.75,2,0,0,True,"(11.879000663757324,)",(),id1,
2025/07/05/17:48:00.775481,18845,1751712480,774387680,,0.0,0.0,0.009999999776482582,nan,nan,nan,-0.009999999776482582,2,0,0,True,(),(),,
2025/07/05/17:48:00.818738,18846,1751712480,818323149,,11.87600040435791,0.0,-0.32999998331069946,nan,nan,nan,0.75,2,0,0,True,"(11.87600040435791,)",(),id1,
2025/07/05/17:48:00.854171,18847,1751712480,853672958,,0.0,0.0,0.009999999776482582,nan,nan,nan,-0.009999999776482582,2,0,0,True,(),(),,
2025/07/05/17:48:00.916311,18848,1751712480,915909842,,11.879000663757324,0.0,-0.32999998331069946,nan,nan,nan,0.75,2,0,0,True,"(11.879000663757324,)",(),id1,
2025/07/05/17:48:00.955991,18849,1751712480,955347728,,0.0,0.0,0.009999999776482582,nan,nan,nan,-0.009999999776482582,2,0,0,True,(),(),,
2025/07/05/17:48:01.017670,18850,1751712481,17119628,,11.878000259399414,0.0,-0.32999998331069946,nan,nan,nan,0.75,2,0,0,True,"(11.878000259399414,)",(),id1,
2025/07/05/17:48:01.054899,18851,1751712481,54262316,,0.0,0.0,0.009999999776482582,nan,nan,nan,-0.009999999776482582,2,0,0,True,(),(),,
2025/07/05/17:48:01.116307,18852,1751712481,115647468,,11.878000259399414,0.0,-0.3199999928474426,nan,nan,nan,0.75,2,0,0,True,"(11.878000259399414,)",(),id1,
2025/07/05/17:48:01.154107,18853,1751712481,153706854,,0.0,0.0,0.009999999776482582,nan,nan,nan,-0.009999999776482582,2,0,0,True,(),(),,
2025/07/05/17:48:01.196219,18854,1751712481,195852133,,11.878000259399414,0.0,-0.3199999928474426,nan,nan,nan,0.75,2,0,0,True,"(11.878000259399414,)",(),id1,
2025/07/05/17:48:01.254902,18855,1751712481,254205931,,0.0,0.0,0.009999999776482582,nan,nan,nan,-0.009999999776482582,2,0,0,True,(),(),,
2025/07/05/17:48:01.314459,18856,1751712481,313990663,,11.87700080871582,0.0,-0.3400000035762787,nan,nan,nan,0.75,2,0,0,True,"(11.87700080871582,)",(),id1,
2025/07/05/17:48:01.354881,18857,1751712481,354236875,,0.0,0.0,0.009999999776482582,nan,nan,nan,-0.009999999776482582,2,0,0,True,(),(),,
2025/07/05/17:48:01.515885,18858,1751712481,515407868,,11.87600040435791,0.0,-0.3799999952316284,nan,nan,nan,0.75,2,0,0,True,"(11.87600040435791,)",(),id1,
2025/07/05/17:48:01.554818,18859,1751712481,554044997,,0.0,0.0,0.009999999776482582,nan,nan,nan,-0.009999999776482582,2,0,0,True,(),(),,
2025/07/05/17:48:01.596960,18860,1751712481,596292890,,11.87600040435791,0.0,-0.3799999952316284,nan,nan,nan,0.75,2,0,0,True,"(11.87600040435791,)",(),id1,
2025/07/05/17:48:01.654933,18861,1751712481,654436929,,0.0,0.0,0.009999999776482582,nan,nan,nan,-0.009999999776482582,2,0,0,True,(),(),,
2025/07/05/17:48:01.714786,18862,1751712481,714246570,,11.87600040435791,0.0,-0.38999998569488525,nan,nan,nan,0.75,2,0,0,True,"(11.87600040435791,)",(),id1,
2025/07/05/17:48:01.754383,18863,1751712481,753869904,,0.0,0.0,0.009999999776482582,nan,nan,nan,-0.009999999776482582,2,0,0,True,(),(),,
2025/07/05/17:48:01.817629,18864,1751712481,817205856,,11.87700080871582,0.0,-0.38999998569488525,nan,nan,nan,0.75,2,0,0,True,"(11.87700080871582,)",(),id1,
2025/07/05/17:48:01.854390,18865,1751712481,853729269,,0.0,0.0,0.009999999776482582,nan,nan,nan,-0.009999999776482582,2,0,0,True,(),(),,
2025/07/05/17:48:01.934462,18866,1751712481,934165190,,11.879000663757324,0.0,-0.3999999761581421,nan,nan,nan,0.75,2,0,0,True,"(11.879000663757324,)",(),id1,
2025/07/05/17:48:01.974954,18867,1751712481,974419484,,0.0,0.0,0.009999999776482582,nan,nan,nan,-0.009999999776482582,2,0,0,True,(),(),,
2025/07/05/17:48:02.018848,18868,1751712482,18314353,,11.879000663757324,0.0,-0.3700000047683716,nan,nan,nan,0.75,2,0,0,True,"(11.879000663757324,)",(),id1,
2025/07/05/17:48:02.055312,18869,1751712482,54457715,,0.0,0.0,0.009999999776482582,nan,nan,nan,-0.009999999776482582,2,0,0,True,(),(),,
2025/07/05/17:48:02.114371,18870,1751712482,114039823,,11.87600040435791,0.0,-0.3999999761581421,nan,nan,nan,0.75,2,0,0,True,"(11.87600040435791,)",(),id1,
2025/07/05/17:48:02.154651,18871,1751712482,153738714,,0.0,0.0,0.009999999776482582,nan,nan,nan,-0.009999999776482582,2,0,0,True,(),(),,
2025/07/05/17:48:02.196155,18872,1751712482,195935853,,11.87600040435791,0.0,-0.3999999761581421,nan,nan,nan,0.75,2,0,0,True,"(11.87600040435791,)",(),id1,
2025/07/05/17:48:02.254853,18873,1751712482,254231801,,0.0,0.0,0.009999999776482582,nan,nan,nan,-0.009999999776482582,2,0,0,True,(),(),,
2025/07/05/17:48:02.315810,18874,1751712482,315160256,,11.879000663757324,0.0,-0.41999998688697815,nan,nan,nan,0.75,2,0,0,True,"(11.879000663757324,)",(),id1,
2025/07/05/17:48:02.354672,18875,1751712482,353872841,,0.0,0.0,0.009999999776482582,nan,nan,nan,-0.009999999776482582,2,0,0,True,(),(),,
2025/07/05/17:48:02.475502,18876,1751712482,474422761,,11.87700080871582,0.0,-0.38999998569488525,nan,nan,nan,0.75,2,0,0,True,"(11.87700080871582,)",(),id1,
2025/07/05/17:48:02.555143,18877,1751712482,554399131,,0.0,0.0,0.009999999776482582,nan,nan,nan,-0.009999999776482582,2,0,0,True,(),(),,
2025/07/05/17:48:02.617653,18878,1751712482,617225555,,11.875000953674316,0.0,-0.4699999988079071,nan,nan,nan,0.75,2,0,0,True,"(11.875000953674316,)",(),id1,
2025/07/05/17:48:02.654742,18879,1751712482,653862579,,0.0,0.0,0.009999999776482582,nan,nan,nan,-0.009999999776482582,2,0,0,True,(),(),,
2025/07/05/17:48:02.714797,18880,1751712482,714313654,,11.878000259399414,0.0,-0.3799999952316284,nan,nan,nan,0.75,2,0,0,True,"(11.878000259399414,)",(),id1,
2025/07/05/17:48:02.754564,18881,1751712482,753904866,,0.0,0.0,0.009999999776482582,nan,nan,nan,-0.009999999776482582,2,0,0,True,(),(),,
2025/07/05/17:48:02.817688,18882,1751712482,817165157,,11.87700080871582,0.0,-0.3999999761581421,nan,nan,nan,0.75,2,0,0,True,"(11.87700080871582,)",(),id1,
2025/07/05/17:48:02.854855,18883,1751712482,854259558,,0.0,0.0,0.009999999776482582,nan,nan,nan,-0.009999999776482582,2,0,0,True,(),(),,
2025/07/05/17:48:02.934837,18884,1751712482,934269510,,11.87700080871582,0.0,-0.4099999964237213,nan,nan,nan,0.75,2,0,0,True,"(11.87700080871582,)",(),id1,
2025/07/05/17:48:02.974930,18885,1751712482,974323615,,0.0,0.0,0.009999999776482582,nan,nan,nan,-0.009999999776482582,2,0,0,True,(),(),,
2025/07/05/17:48:03.018174,18886,1751712483,17849785,,11.87700080871582,0.0,-0.41999998688697815,nan,nan,nan,0.75,2,0,0,True,"(11.87700080871582,)",(),id1,
2025/07/05/17:48:03.054374,18887,1751712483,53720254,,0.0,0.0,0.009999999776482582,nan,nan,nan,-0.009999999776482582,2,0,0,True,(),(),,
2025/07/05/17:48:03.115989,18888,1751712483,115201139,,11.87600040435791,0.0,-0.44999998807907104,nan,nan,nan,0.75,2,0,0,True,"(11.87600040435791,)",(),id1,
2025/07/05/17:48:03.155110,18889,1751712483,154190100,,0.0,0.0,0.009999999776482582,nan,nan,nan,-0.009999999776482582,2,0,0,True,(),(),,
2025/07/05/17:48:03.217417,18890,1751712483,216977523,,11.875000953674316,0.0,-0.41999998688697815,nan,nan,nan,0.75,2,0,0,True,"(11.875000953674316,)",(),id1,
2025/07/05/17:48:03.254690,18891,1751712483,253812423,,0.0,0.0,0.009999999776482582,nan,nan,nan,-0.009999999776482582,2,0,0,True,(),(),,
2025/07/05/17:48:03.314731,18892,1751712483,314172897,,11.87600040435791,0.0,-0.41999998688697815,nan,nan,nan,0.75,2,0,0,True,"(11.87600040435791,)",(),id1,
2025/07/05/17:48:03.354408,18893,1751712483,353717240,,0.0,0.0,0.009999999776482582,nan,nan,nan,-0.009999999776482582,2,0,0,True,(),(),,
2025/07/05/17:48:03.495615,18894,1751712483,495212360,,11.878000259399414,0.0,-0.4099999964237213,nan,nan,nan,0.75,2,0,0,True,"(11.878000259399414,)",(),id1,
2025/07/05/17:48:03.534613,18895,1751712483,533929211,,0.0,0.0,0.009999999776482582,nan,nan,nan,-0.009999999776482582,2,0,0,True,(),(),,
2025/07/05/17:48:03.595572,18896,1751712483,595192800,,11.87700080871582,0.0,-0.4599999785423279,nan,nan,nan,0.75,2,0,0,True,"(11.87700080871582,)",(),id1,
2025/07/05/17:48:03.638317,18897,1751712483,637245086,,0.0,0.0,0.009999999776482582,nan,nan,nan,-0.009999999776482582,2,0,0,True,(),(),,
2025/07/05/17:48:03.676831,18898,1751712483,675847354,,11.879000663757324,0.0,-0.38999998569488525,nan,nan,nan,0.75,2,0,0,True,"(11.879000663757324,)",(),id1,
2025/07/05/17:48:03.735028,18899,1751712483,734714332,,0.0,0.0,0.009999999776482582,nan,nan,nan,-0.009999999776482582,2,0,0,True,(),(),,
2025/07/05/17:48:03.796958,18900,1751712483,796243450,,11.874000549316406,0.0,-0.35999998450279236,nan,nan,nan,0.75,2,0,0,True,"(11.874000549316406,)",(),id1,
2025/07/05/17:48:03.834628,18901,1751712483,833787903,,0.0,0.0,0.009999999776482582,nan,nan,nan,-0.009999999776482582,2,0,0,True,(),(),,
2025/07/05/17:48:03.895643,18902,1751712483,895273277,,11.87600040435791,0.0,-0.3400000035762787,nan,nan,nan,0.75,2,0,0,True,"(11.87600040435791,)",(),id1,
2025/07/05/17:48:03.954176,18903,1751712483,953881346,,0.0,0.0,0.009999999776482582,nan,nan,nan,-0.009999999776482582,2,0,0,True,(),(),,
2025/07/05/17:48:04.017668,18904,1751712484,17215784,,11.866000175476074,0.0,-1.0199999809265137,nan,nan,nan,0.75,2,0,0,True,"(11.866000175476074,)",(),id1,
2025/07/05/17:48:04.055019,18905,1751712484,54363539,,0.0,0.0,0.009999999776482582,nan,nan,nan,-0.009999999776482582,2,0,0,True,(),(),,
2025/07/05/17:48:04.114885,18906,1751712484,114370231,,11.849000930786133,0.0,-2.2100000381469727,nan,nan,nan,0.75,2,0,0,True,"(11.849000930786133,)",(),id1,
2025/07/05/17:48:04.154286,18907,1751712484,153466901,,0.0,0.0,0.009999999776482582,nan,nan,nan,-0.009999999776482582,2,0,0,True,(),(),,
2025/07/05/17:48:04.196386,18908,1751712484,196059778,,11.849000930786133,0.0,-2.2100000381469727,nan,nan,nan,0.75,2,0,0,True,"(11.849000930786133,)",(),id1,
2025/07/05/17:48:04.254329,18909,1751712484,253689202,,0.0,0.0,0.009999999776482582,nan,nan,nan,-0.009999999776482582,2,0,0,True,(),(),,
2025/07/05/17:48:04.315424,18910,1751712484,314290463,,11.832000732421875,0.0,-3.2899999618530273,nan,nan,nan,0.75,2,0,0,True,"(11.832000732421875,)",(),id1,
2025/07/05/17:48:04.354616,18911,1751712484,354186170,,0.0,0.0,0.009999999776482582,nan,nan,nan,-0.009999999776482582,2,0,0,True,(),(),,
2025/07/05/17:48:04.515533,18912,1751712484,515073053,,11.837000846862793,0.0,-2.799999952316284,nan,nan,nan,0.75,2,0,0,True,"(11.837000846862793,)",(),id1,
2025/07/05/17:48:04.556167,18913,1751712484,554956465,,0.0,0.0,0.009999999776482582,nan,nan,nan,-0.009999999776482582,2,0,0,True,(),(),,
2025/07/05/17:48:04.618223,18914,1751712484,617275207,,11.836000442504883,0.0,-2.690000057220459,nan,nan,nan,0.75,2,0,0,True,"(11.836000442504883,)",(),id1,
2025/07/05/17:48:04.654923,18915,1751712484,654344713,,0.0,0.0,0.009999999776482582,nan,nan,nan,-0.009999999776482582,2,0,0,True,(),(),,
2025/07/05/17:48:04.716399,18916,1751712484,714932298,,11.837000846862793,0.0,-2.7200000286102295,nan,nan,nan,0.75,2,0,0,True,"(11.837000846862793,)",(),id1,
2025/07/05/17:48:04.754288,18917,1751712484,753738584,,0.0,0.0,0.009999999776482582,nan,nan,nan,-0.009999999776482582,2,0,0,True,(),(),,
2025/07/05/17:48:04.796113,18918,1751712484,795839211,,11.837000846862793,0.0,-2.7200000286102295,nan,nan,nan,0.75,2,0,0,True,"(11.837000846862793,)",(),id1,
2025/07/05/17:48:04.854730,18919,1751712484,854212991,,0.0,0.0,0.009999999776482582,nan,nan,nan,-0.009999999776482582,2,0,0,True,(),(),,
2025/07/05/17:48:04.934458,18920,1751712484,934172051,,11.828001022338867,0.0,-3.0199999809265137,nan,nan,nan,0.75,2,0,0,True,"(11.828001022338867,)",(),id1,
2025/07/05/17:48:04.975033,18921,1751712484,974449593,,0.0,0.0,0.009999999776482582,nan,nan,nan,-0.009999999776482582,2,0,0,True,(),(),,
2025/07/05/17:48:05.018416,18922,1751712485,17990082,,11.830000877380371,0.0,-3.2699999809265137,nan,nan,nan,0.75,2,0,0,True,"(11.830000877380371,)",(),id1,
2025/07/05/17:48:05.053826,18923,1751712485,53464079,,0.0,0.0,0.009999999776482582,nan,nan,nan,-0.009999999776482582,2,0,0,True,(),(),,
2025/07/05/17:48:05.115408,18924,1751712485,115205991,,11.836000442504883,0.0,-2.7200000286102295,nan,nan,nan,0.75,2,0,0,True,"(11.836000442504883,)",(),id1,
2025/07/05/17:48:05.154190,18925,1751712485,153427770,,0.0,0.0,0.009999999776482582,nan,nan,nan,-0.009999999776482582,2,0,0,True,(),(),,
2025/07/05/17:48:05.196674,18926,1751712485,196131709,,11.836000442504883,0.0,-2.7200000286102295,nan,nan,nan,0.75,2,0,0,True,"(11.836000442504883,)",(),id1,
2025/07/05/17:48:05.255431,18927,1751712485,254252770,,0.0,0.0,0.009999999776482582,nan,nan,nan,-0.009999999776482582,2,0,0,True,(),(),,
2025/07/05/17:48:05.314595,18928,1751712485,314236556,,11.833000183105469,0.0,-2.93999981880188,nan,nan,nan,0.75,2,0,0,True,"(11.833000183105469,)",(),id1,
2025/07/05/17:48:05.354622,18929,1751712485,353892296,,0.0,0.0,0.009999999776482582,nan,nan,nan,-0.009999999776482582,2,0,0,True,(),(),,
2025/07/05/17:48:05.474857,18930,1751712485,474324922,,11.835000991821289,0.0,-2.740000009536743,nan,nan,nan,0.75,2,0,0,True,"(11.835000991821289,)",(),id1,
2025/07/05/17:48:05.554828,18931,1751712485,554151891,,0.0,0.0,0.009999999776482582,nan,nan,nan,-0.009999999776482582,2,0,0,True,(),(),,
2025/07/05/17:48:05.596394,18932,1751712485,596190713,,11.837000846862793,0.0,-2.5199999809265137,nan,nan,nan,0.75,2,0,0,True,"(11.837000846862793,)",(),id1,
2025/07/05/17:48:05.654409,18933,1751712485,653633816,,0.0,0.0,0.009999999776482582,nan,nan,nan,-0.009999999776482582,2,0,0,True,(),(),,
2025/07/05/17:48:05.714923,18934,1751712485,714333998,,11.831000328063965,0.0,-2.990000009536743,nan,nan,nan,0.75,2,0,0,True,"(11.831000328063965,)",(),id1,
2025/07/05/17:48:05.755230,18935,1751712485,754239710,,0.0,0.0,0.009999999776482582,nan,nan,nan,-0.009999999776482582,2,0,0,True,(),(),,
2025/07/05/17:48:05.817489,18936,1751712485,817074099,,11.834000587463379,0.0,-2.819999933242798,nan,nan,nan,0.75,2,0,0,True,"(11.834000587463379,)",(),id1,
2025/07/05/17:48:05.854846,18937,1751712485,854492224,,0.0,0.0,0.009999999776482582,nan,nan,nan,-0.009999999776482582,2,0,0,True,(),(),,
2025/07/05/17:48:05.934886,18938,1751712485,934422543,,11.658000946044922,0.0,-2.549999952316284,nan,nan,nan,0.75,2,0,0,True,"(11.658000946044922,)",(),id1,
2025/07/05/17:48:05.996198,18939,1751712485,995526209,,0.0,0.0,0.009999999776482582,nan,nan,nan,-0.009999999776482582,2,0,0,True,(),(),,
2025/07/05/17:48:06.033459,18940,1751712486,33092497,,11.678000450134277,0.0,-2.2899999618530273,nan,nan,nan,0.75,2,0,0,True,"(11.678000450134277,)",(),id1,
2025/07/05/17:48:06.074922,18941,1751712486,74436643,,0.0,0.0,0.009999999776482582,nan,nan,nan,-0.009999999776482582,2,0,0,True,(),(),,
2025/07/05/17:48:06.133570,18942,1751712486,133055926,,11.701000213623047,0.0,-2.2300000190734863,nan,nan,nan,0.75,2,0,0,True,"(11.701000213623047,)",(),id1,
2025/07/05/17:48:06.174934,18943,1751712486,174164824,,0.0,0.0,0.009999999776482582,nan,nan,nan,-0.009999999776482582,2,0,0,True,(),(),,
2025/07/05/17:48:06.217776,18944,1751712486,217311986,,11.69800090789795,0.0,-2.0899999141693115,nan,nan,nan,0.75,2,0,0,True,"(11.69800090789795,)",(),id1,
2025/07/05/17:48:06.254186,18945,1751712486,253607636,,0.0,0.0,0.009999999776482582,nan,nan,nan,-0.009999999776482582,2,0,0,True,(),(),,
2025/07/05/17:48:06.314693,18946,1751712486,314206380,,11.770000457763672,0.0,-2.359999895095825,nan,nan,nan,0.7400000095367432,2,0,0,True,"(11.770000457763672,)",(),id1,
2025/07/05/17:48:06.354334,18947,1751712486,353676856,,0.0,0.0,0.009999999776482582,nan,nan,nan,-0.009999999776482582,2,0,0,True,(),(),,
2025/07/05/17:48:06.434198,18948,1751712486,434024445,,11.679000854492188,0.0,-1.6100000143051147,nan,nan,nan,0.7400000095367432,2,0,0,True,"(11.679000854492188,)",(),id1,
2025/07/05/17:48:06.534584,18949,1751712486,534136482,,0.0,0.0,0.009999999776482582,nan,nan,nan,-0.009999999776482582,2,0,0,True,(),(),,
2025/07/05/17:48:06.595403,18950,1751712486,595105274,,11.690000534057617,0.0,-1.2699999809265137,nan,nan,nan,0.7400000095367432,2,0,0,True,"(11.690000534057617,)",(),id1,
2025/07/05/17:48:06.634544,18951,1751712486,633640586,,0.0,0.0,0.009999999776482582,nan,nan,nan,-0.009999999776482582,2,0,0,True,(),(),,
2025/07/05/17:48:06.675627,18952,1751712486,675222108,,11.755000114440918,0.0,-0.8100000023841858,nan,nan,nan,0.7400000095367432,2,0,0,True,"(11.755000114440918,)",(),id1,
2025/07/05/17:48:06.714871,18953,1751712486,714228312,,0.0,0.0,0.009999999776482582,nan,nan,nan,-0.009999999776482582,2,0,0,True,(),(),,
2025/07/05/17:48:06.754671,18954,1751712486,754175754,,11.794000625610352,0.0,-1.0099999904632568,nan,nan,nan,0.7400000095367432,2,0,0,True,"(11.794000625610352,)",(),id1,
2025/07/05/17:48:06.819146,18955,1751712486,818022710,,0.0,0.0,0.009999999776482582,nan,nan,nan,-0.009999999776482582,2,0,0,True,(),(),,
2025/07/05/17:48:06.854316,18956,1751712486,853981755,,11.828001022338867,0.0,-1.2899999618530273,nan,nan,nan,0.7400000095367432,2,0,0,True,"(11.828001022338867,)",(),id1,
2025/07/05/17:48:06.895382,18957,1751712486,894863172,,0.0,0.0,0.009999999776482582,nan,nan,nan,-0.009999999776482582,2,0,0,True,(),(),,
2025/07/05/17:48:06.954686,18958,1751712486,954352948,,11.829000473022461,0.0,-1.6399999856948853,nan,nan,nan,0.7400000095367432,2,0,0,True,"(11.829000473022461,)",(),id1,
2025/07/05/17:48:06.998603,18959,1751712486,996391522,,0.0,0.0,0.009999999776482582,nan,nan,nan,-0.009999999776482582,2,0,0,True,(),(),,
2025/07/05/17:48:07.034333,18960,1751712487,34038878,,11.835000991821289,0.0,-1.6799999475479126,nan,nan,nan,0.7400000095367432,2,0,0,True,"(11.835000991821289,)",(),id1,
2025/07/05/17:48:07.075092,18961,1751712487,74600560,,0.0,0.0,0.009999999776482582,nan,nan,nan,-0.009999999776482582,2,0,0,True,(),(),,
2025/07/05/17:48:07.133586,18962,1751712487,133071470,,11.838000297546387,0.0,-1.659999966621399,nan,nan,nan,0.7400000095367432,2,0,0,True,"(11.838000297546387,)",(),id1,
2025/07/05/17:48:07.174866,18963,1751712487,174144015,,0.0,0.0,0.009999999776482582,nan,nan,nan,-0.009999999776482582,2,0,0,True,(),(),,
2025/07/05/17:48:07.217864,18964,1751712487,217357189,,11.843000411987305,0.0,-1.7799999713897705,nan,nan,nan,0.7400000095367432,2,0,0,True,"(11.843000411987305,)",(),id1,
2025/07/05/17:48:07.254385,18965,1751712487,253675584,,0.0,0.0,0.009999999776482582,nan,nan,nan,-0.009999999776482582,2,0,0,True,(),(),,
2025/07/05/17:48:07.314569,18966,1751712487,314227929,,11.847000122070312,0.0,-1.7999999523162842,nan,nan,nan,0.7400000095367432,2,0,0,True,"(11.847000122070312,)",(),id1,
2025/07/05/17:48:07.354669,18967,1751712487,354257652,,0.0,0.0,0.009999999776482582,nan,nan,nan,-0.009999999776482582,2,0,0,True,(),(),,
2025/07/05/17:48:07.454618,18968,1751712487,454187560,,11.846000671386719,0.0,-1.9199999570846558,nan,nan,nan,0.7400000095367432,2,0,0,True,"(11.846000671386719,)",(),id1,
2025/07/05/17:48:07.534395,18969,1751712487,533626220,,0.0,0.0,0.009999999776482582,nan,nan,nan,-0.009999999776482582,2,0,0,True,(),(),,
2025/07/05/17:48:07.575240,18970,1751712487,574422510,,11.849000930786133,0.0,-1.8199999332427979,nan,nan,nan,0.7400000095367432,2,0,0,True,"(11.849000930786133,)",(),id1,
2025/07/05/17:48:07.637050,18971,1751712487,636561618,,0.0,0.0,0.009999999776482582,nan,nan,nan,-0.009999999776482582,2,0,0,True,(),(),,
2025/07/05/17:48:07.674739,18972,1751712487,674451126,,11.848000526428223,0.0,-1.7300000190734863,nan,nan,nan,0.7400000095367432,2,0,0,True,"(11.848000526428223,)",(),id1,
2025/07/05/17:48:07.735170,18973,1751712487,734317419,,0.0,0.0,0.009999999776482582,nan,nan,nan,-0.009999999776482582,2,0,0,True,(),(),,
2025/07/05/17:48:07.796179,18974,1751712487,795183939,,11.849000930786133,0.0,-1.7899999618530273,nan,nan,nan,0.7400000095367432,2,0,0,True,"(11.849000930786133,)",(),id1,
2025/07/05/17:48:07.835102,18975,1751712487,834322409,,0.0,0.0,0.009999999776482582,nan,nan,nan,-0.009999999776482582,2,0,0,True,(),(),,
2025/07/05/17:48:07.915592,18976,1751712487,915045167,,11.848000526428223,0.0,-1.8700000047683716,nan,nan,nan,0.7400000095367432,2,0,0,True,"(11.848000526428223,)",(),id1,
2025/07/05/17:48:07.954863,18977,1751712487,954277982,,0.0,0.0,0.009999999776482582,nan,nan,nan,-0.009999999776482582,2,0,0,True,(),(),,
2025/07/05/17:48:08.017727,18978,1751712488,17213419,,11.854000091552734,0.0,-1.6799999475479126,nan,nan,nan,0.7400000095367432,2,0,0,True,"(11.854000091552734,)",(),id1,
2025/07/05/17:48:08.057970,18979,1751712488,57090879,,0.0,0.0,0.009999999776482582,nan,nan,nan,-0.009999999776482582,2,0,0,True,(),(),,
2025/07/05/17:48:08.116365,18980,1751712488,115008505,,11.855000495910645,0.0,-1.5899999141693115,nan,nan,nan,0.7400000095367432,2,0,0,True,"(11.855000495910645,)",(),id1,
2025/07/05/17:48:08.153828,18981,1751712488,153366964,,0.0,0.0,0.009999999776482582,nan,nan,nan,-0.009999999776482582,2,0,0,True,(),(),,
2025/07/05/17:48:08.217780,18982,1751712488,217302855,,11.82300090789795,0.0,-1.6699999570846558,nan,nan,nan,0.7400000095367432,2,0,0,True,"(11.82300090789795,)",(),id1,
2025/07/05/17:48:08.254789,18983,1751712488,254253602,,0.0,0.0,0.009999999776482582,nan,nan,nan,-0.009999999776482582,2,0,0,True,(),(),,
2025/07/05/17:48:08.315489,18984,1751712488,314335359,,11.648000717163086,0.0,-1.3899999856948853,nan,nan,nan,0.7400000095367432,2,0,0,True,"(11.648000717163086,)",(),id1,
2025/07/05/17:48:08.354598,18985,1751712488,354313204,,0.0,0.0,0.009999999776482582,nan,nan,nan,-0.009999999776482582,2,0,0,True,(),(),,
2025/07/05/17:48:08.475019,18986,1751712488,474507402,,11.687000274658203,0.0,-1.209999918937683,nan,nan,nan,0.7400000095367432,2,0,0,True,"(11.687000274658203,)",(),id1,
2025/07/05/17:48:08.555110,18987,1751712488,554335610,,0.0,0.0,0.009999999776482582,nan,nan,nan,-0.009999999776482582,2,0,0,True,(),(),,
2025/07/05/17:48:08.617510,18988,1751712488,617020639,,11.81100082397461,0.0,-2.069999933242798,nan,nan,nan,0.7400000095367432,2,0,0,True,"(11.81100082397461,)",(),id1,
2025/07/05/17:48:08.654510,18989,1751712488,654147766,,0.0,0.0,0.009999999776482582,nan,nan,nan,-0.009999999776482582,2,0,0,True,(),(),,
2025/07/05/17:48:08.715899,18990,1751712488,714650236,,11.726000785827637,0.0,-1.5,nan,nan,nan,0.7400000095367432,2,0,0,True,"(11.726000785827637,)",(),id1,
2025/07/05/17:48:08.754027,18991,1751712488,753520105,,0.0,0.0,0.009999999776482582,nan,nan,nan,-0.009999999776482582,2,0,0,True,(),(),,
2025/07/05/17:48:08.796668,18992,1751712488,796174412,,11.726000785827637,0.0,-1.5,nan,nan,nan,0.7400000095367432,2,0,0,True,"(11.726000785827637,)",(),id1,
2025/07/05/17:48:08.834207,18993,1751712488,833405077,,0.0,0.0,0.009999999776482582,nan,nan,nan,-0.009999999776482582,2,0,0,True,(),(),,
2025/07/05/17:48:08.895856,18994,1751712488,895238176,,11.690000534057617,0.0,-1.3799999952316284,nan,nan,nan,0.7400000095367432,2,0,0,True,"(11.690000534057617,)",(),id1,
2025/07/05/17:48:08.934521,18995,1751712488,934116591,,0.0,0.0,0.009999999776482582,nan,nan,nan,-0.009999999776482582,2,0,0,True,(),(),,
2025/07/05/17:48:08.995535,18996,1751712488,995119526,,11.747000694274902,0.0,-0.9300000071525574,nan,nan,nan,0.7400000095367432,2,0,0,True,"(11.747000694274902,)",(),id1,
2025/07/05/17:48:09.034309,18997,1751712489,33758009,,0.0,0.0,0.009999999776482582,nan,nan,nan,-0.009999999776482582,2,0,0,True,(),(),,
2025/07/05/17:48:09.095371,18998,1751712489,94953709,,11.812000274658203,0.0,-0.9799999594688416,nan,nan,nan,0.7400000095367432,2,0,0,True,"(11.812000274658203,)",(),id1,
2025/07/05/17:48:09.134427,18999,1751712489,133628835,,0.0,0.0,0.009999999776482582,nan,nan,nan,-0.009999999776482582,2,0,0,True,(),(),,
2025/07/05/17:48:09.196022,19000,1751712489,195265350,,11.827000617980957,0.0,-1.6200000047683716,nan,nan,nan,0.7400000095367432,2,0,0,True,"(11.827000617980957,)",(),id1,
2025/07/05/17:48:09.233844,19001,1751712489,233329233,,0.0,0.0,0.009999999776482582,nan,nan,nan,-0.009999999776482582,2,0,0,True,(),(),,
2025/07/05/17:48:09.295488,19002,1751712489,295405277,,11.813000679016113,0.0,-2.3299999237060547,nan,nan,nan,0.7400000095367432,2,0,0,True,"(11.813000679016113,)",(),id1,
2025/07/05/17:48:09.334368,19003,1751712489,333552276,,0.0,0.0,0.009999999776482582,nan,nan,nan,-0.009999999776482582,2,0,0,True,(),(),,
2025/07/05/17:48:09.434397,19004,1751712489,433918615,,11.729000091552734,0.0,-7.889999866485596,nan,nan,nan,0.7400000095367432,2,0,0,True,"(11.729000091552734,)",(),id1,
2025/07/05/17:48:09.495656,19005,1751712489,495191113,,0.0,0.0,0.009999999776482582,nan,nan,nan,-0.009999999776482582,2,0,0,True,(),(),,
2025/07/05/17:48:09.556026,19006,1751712489,554677514,,11.725000381469727,0.0,-8.579999923706055,nan,nan,nan,0.7400000095367432,2,0,0,True,"(11.725000381469727,)",(),id1,
2025/07/05/17:48:09.596116,19007,1751712489,595454123,,0.0,0.0,0.009999999776482582,nan,nan,nan,-0.009999999776482582,2,0,0,True,(),(),,
2025/07/05/17:48:09.633353,19008,1751712489,632950914,,11.734000205993652,0.0,-8.609999656677246,nan,nan,nan,0.7400000095367432,2,0,0,True,"(11.734000205993652,)",(),id1,
2025/07/05/17:48:09.675434,19009,1751712489,674543422,,0.0,0.0,0.009999999776482582,nan,nan,nan,-0.009999999776482582,2,0,0,True,(),(),,
2025/07/05/17:48:09.715808,19010,1751712489,714631483,,11.729000091552734,0.0,-8.65999984741211,nan,nan,nan,0.7400000095367432,2,0,0,True,"(11.729000091552734,)",(),id1,
2025/07/05/17:48:09.776235,19011,1751712489,775012754,,0.0,0.0,0.009999999776482582,nan,nan,nan,-0.009999999776482582,2,0,0,True,(),(),,
2025/07/05/17:48:09.818685,19012,1751712489,817541659,,11.732000350952148,0.0,-8.5,nan,nan,nan,0.7400000095367432,2,0,0,True,"(11.732000350952148,)",(),id1,
2025/07/05/17:48:09.855500,19013,1751712489,853874113,,0.0,0.0,0.009999999776482582,nan,nan,nan,-0.009999999776482582,2,0,0,True,(),(),,
2025/07/05/17:48:09.916860,19014,1751712489,915660109,,11.730000495910645,0.0,-8.639999389648438,nan,nan,nan,0.7400000095367432,2,0,0,True,"(11.730000495910645,)",(),id1,
2025/07/05/17:48:09.954986,19015,1751712489,954333440,,0.0,0.0,0.009999999776482582,nan,nan,nan,-0.009999999776482582,2,0,0,True,(),(),,
2025/07/05/17:48:10.017442,19016,1751712490,17098354,,11.619000434875488,0.0,-8.369999885559082,nan,nan,nan,0.7400000095367432,2,0,0,True,"(11.619000434875488,)",(),id1,
2025/07/05/17:48:10.054893,19017,1751712490,54380555,,0.0,0.0,0.009999999776482582,nan,nan,nan,-0.009999999776482582,2,0,0,True,(),(),,
2025/07/05/17:48:10.115581,19018,1751712490,114485926,,11.565000534057617,0.0,-7.869999885559082,nan,nan,nan,0.7400000095367432,2,0,0,True,"(11.565000534057617,)",(),id1,
2025/07/05/17:48:10.154290,19019,1751712490,153653789,,0.0,0.0,0.009999999776482582,nan,nan,nan,-0.009999999776482582,2,0,0,True,(),(),,
2025/07/05/17:48:10.217927,19020,1751712490,217328105,,11.656000137329102,0.0,-6.889999866485596,nan,nan,nan,0.7400000095367432,2,0,0,True,"(11.656000137329102,)",(),id1,
2025/07/05/17:48:10.254163,19021,1751712490,253642960,,0.0,0.0,0.009999999776482582,nan,nan,nan,-0.009999999776482582,2,0,0,True,(),(),,
2025/07/05/17:48:10.295618,19022,1751712490,295310413,,11.656000137329102,0.0,-6.889999866485596,nan,nan,nan,0.7400000095367432,2,0,0,True,"(11.656000137329102,)",(),id1,
2025/07/05/17:48:10.354975,19023,1751712490,354339477,,0.0,0.0,0.009999999776482582,nan,nan,nan,-0.009999999776482582,2,0,0,True,(),(),,
2025/07/05/17:48:10.454463,19024,1751712490,454154149,,11.726000785827637,0.0,-8.260000228881836,nan,nan,nan,0.7400000095367432,2,0,0,True,"(11.726000785827637,)",(),id1,
2025/07/05/17:48:10.515068,19025,1751712490,514757120,,0.0,0.0,0.009999999776482582,nan,nan,nan,-0.009999999776482582,2,0,0,True,(),(),,
2025/07/05/17:48:10.575393,19026,1751712490,574660697,,11.717000961303711,0.0,-8.510000228881836,nan,nan,nan,0.7400000095367432,2,0,0,True,"(11.717000961303711,)",(),id1,
2025/07/05/17:48:10.617651,19027,1751712490,617160646,,0.0,0.0,0.009999999776482582,nan,nan,nan,-0.009999999776482582,2,0,0,True,(),(),,
2025/07/05/17:48:10.654467,19028,1751712490,654133900,,11.72700023651123,0.0,-8.479999542236328,nan,nan,nan,0.7400000095367432,2,0,0,True,"(11.72700023651123,)",(),id1,
2025/07/05/17:48:10.714214,19029,1751712490,713993099,,0.0,0.0,0.009999999776482582,nan,nan,nan,-0.009999999776482582,2,0,0,True,(),(),,
2025/07/05/17:48:10.774339,19030,1751712490,774159464,,11.648000717163086,0.0,-8.75,nan,nan,nan,0.7400000095367432,2,0,0,True,"(11.648000717163086,)",(),id1,
2025/07/05/17:48:10.817320,19031,1751712490,816959736,,0.0,0.0,0.009999999776482582,nan,nan,nan,-0.009999999776482582,2,0,0,True,(),(),,
2025/07/05/17:48:10.854240,19032,1751712490,854013281,,11.555000305175781,0.0,-9.019999504089355,nan,nan,nan,0.7400000095367432,2,0,0,True,"(11.555000305175781,)",(),id1,
2025/07/05/17:48:10.915288,19033,1751712490,914189298,,0.0,0.0,0.009999999776482582,nan,nan,nan,-0.009999999776482582,2,0,0,True,(),(),,
2025/07/05/17:48:10.954891,19034,1751712490,954254447,,11.517000198364258,0.0,-10.010000228881836,nan,nan,nan,0.7400000095367432,2,0,0,True,"(11.517000198364258,)",(),id1,
2025/07/05/17:48:11.017767,19035,1751712491,17219999,,0.0,0.0,0.009999999776482582,nan,nan,nan,-0.009999999776482582,2,0,0,True,(),(),,
2025/07/05/17:48:11.054927,19036,1751712491,54342936,,11.611001014709473,0.0,-10.179999351501465,nan,nan,nan,0.7400000095367432,2,0,0,True,"(11.611001014709473,)",(),id1,
2025/07/05/17:48:11.094712,19037,1751712491,94307169,,0.0,0.0,0.009999999776482582,nan,nan,nan,-0.009999999776482582,2,0,0,True,(),(),,
2025/07/05/17:48:11.153547,19038,1751712491,153130509,,11.666000366210938,0.0,-10.229999542236328,nan,nan,nan,0.7400000095367432,2,0,0,True,"(11.666000366210938,)",(),id1,
2025/07/05/17:48:11.196017,19039,1751712491,195242984,,0.0,0.0,0.009999999776482582,nan,nan,nan,-0.009999999776482582,2,0,0,True,(),(),,
2025/07/05/17:48:11.235314,19040,1751712491,234942465,,11.563000679016113,0.0,-9.199999809265137,nan,nan,nan,0.7400000095367432,2,0,0,True,"(11.563000679016113,)",(),id1,
2025/07/05/17:48:11.279288,19041,1751712491,278484435,,0.0,0.0,0.009999999776482582,nan,nan,nan,-0.009999999776482582,2,0,0,True,(),(),,
2025/07/05/17:48:11.316612,19042,1751712491,315244641,,11.54900074005127,0.0,-7.009999752044678,nan,nan,nan,0.7400000095367432,2,0,0,True,"(11.54900074005127,)",(),id1,
2025/07/05/17:48:11.356597,19043,1751712491,354440347,,0.0,0.0,0.009999999776482582,nan,nan,nan,-0.009999999776482582,2,0,0,True,(),(),,
2025/07/05/17:48:11.475028,19044,1751712491,474204668,,11.677000999450684,0.0,-3.669999837875366,nan,nan,nan,0.7400000095367432,2,0,0,True,"(11.677000999450684,)",(),id1,
2025/07/05/17:48:11.554786,19045,1751712491,554182680,,0.0,0.0,0.009999999776482582,nan,nan,nan,-0.009999999776482582,2,0,0,True,(),(),,
2025/07/05/17:48:11.596206,19046,1751712491,595911332,,11.694000244140625,0.0,-2.25,nan,nan,nan,0.7400000095367432,2,0,0,True,"(11.694000244140625,)",(),id1,
2025/07/05/17:48:11.633981,19047,1751712491,633344626,,0.0,0.0,0.009999999776482582,nan,nan,nan,-0.009999999776482582,2,0,0,True,(),(),,
2025/07/05/17:48:11.694315,19048,1751712491,694000206,,11.689000129699707,0.0,-2.950000047683716,nan,nan,nan,0.7400000095367432,2,0,0,True,"(11.689000129699707,)",(),id1,
2025/07/05/17:48:11.734134,19049,1751712491,733395942,,0.0,0.0,0.009999999776482582,nan,nan,nan,-0.009999999776482582,2,0,0,True,(),(),,
2025/07/05/17:48:11.774964,19050,1751712491,774182635,,11.672000885009766,0.0,-7.569999694824219,nan,nan,nan,0.7400000095367432,2,0,0,True,"(11.672000885009766,)",(),id1,
2025/07/05/17:48:11.817722,19051,1751712491,817248610,,0.0,0.0,0.009999999776482582,nan,nan,nan,-0.009999999776482582,2,0,0,True,(),(),,
2025/07/05/17:48:11.854370,19052,1751712491,854133005,,11.71500015258789,0.0,-8.039999961853027,nan,nan,nan,0.7400000095367432,2,0,0,True,"(11.71500015258789,)",(),id1,
2025/07/05/17:48:11.916743,19053,1751712491,915299874,,0.0,0.0,0.009999999776482582,nan,nan,nan,-0.009999999776482582,2,0,0,True,(),(),,
2025/07/05/17:48:11.974448,19054,1751712491,974045507,,11.577000617980957,0.0,-7.929999828338623,nan,nan,nan,0.7400000095367432,2,0,0,True,"(11.577000617980957,)",(),id1,
2025/07/05/17:48:12.018769,19055,1751712492,17832926,,0.0,0.0,0.009999999776482582,nan,nan,nan,-0.009999999776482582,2,0,0,True,(),(),,
2025/07/05/17:48:12.054363,19056,1751712492,54078730,,11.539000511169434,0.0,-8.639999389648438,nan,nan,nan,0.7400000095367432,2,0,0,True,"(11.539000511169434,)",(),id1,
2025/07/05/17:48:12.094890,19057,1751712492,94224983,,0.0,0.0,0.009999999776482582,nan,nan,nan,-0.009999999776482582,2,0,0,True,(),(),,
2025/07/05/17:48:12.154503,19058,1751712492,154066435,,11.516000747680664,0.0,-8.720000267028809,nan,nan,nan,0.7400000095367432,2,0,0,True,"(11.516000747680664,)",(),id1,
2025/07/05/17:48:12.196109,19059,1751712492,195172920,,0.0,0.0,0.009999999776482582,nan,nan,nan,-0.009999999776482582,2,0,0,True,(),(),,
2025/07/05/17:48:12.233474,19060,1751712492,233035365,,11.56100082397461,0.0,-8.359999656677246,nan,nan,nan,0.7400000095367432,2,0,0,True,"(11.56100082397461,)",(),id1,
2025/07/05/17:48:12.275456,19061,1751712492,274837997,,0.0,0.0,0.009999999776482582,nan,nan,nan,-0.009999999776482582,2,0,0,True,(),(),,
2025/07/05/17:48:12.333584,19062,1751712492,333167165,,11.647000312805176,0.0,-8.34000015258789,nan,nan,nan,0.7400000095367432,2,0,0,True,"(11.647000312805176,)",(),id1,
2025/07/05/17:48:12.374635,19063,1751712492,373526921,,0.0,0.0,0.009999999776482582,nan,nan,nan,-0.009999999776482582,2,0,0,True,(),(),,
2025/07/05/17:48:12.495595,19064,1751712492,495265263,,11.68600082397461,0.0,-8.479999542236328,nan,nan,nan,0.7400000095367432,2,0,0,True,"(11.68600082397461,)",(),id1,
2025/07/05/17:48:12.534024,19065,1751712492,533447183,,0.0,0.0,0.009999999776482582,nan,nan,nan,-0.009999999776482582,2,0,0,True,(),(),,
2025/07/05/17:48:12.596609,19066,1751712492,595315456,,11.583000183105469,0.0,-7.12999963760376,nan,nan,nan,0.7400000095367432,2,0,0,True,"(11.583000183105469,)",(),id1,
2025/07/05/17:48:12.635819,19067,1751712492,633721955,,0.0,0.0,0.009999999776482582,nan,nan,nan,-0.009999999776482582,2,0,0,True,(),(),,
2025/07/05/17:48:12.675019,19068,1751712492,674509461,,11.586000442504883,0.0,-6.699999809265137,nan,nan,nan,0.7400000095367432,2,0,0,True,"(11.586000442504883,)",(),id1,
2025/07/05/17:48:12.714681,19069,1751712492,713994900,,0.0,0.0,0.009999999776482582,nan,nan,nan,-0.009999999776482582,2,0,0,True,(),(),,
2025/07/05/17:48:12.775358,19070,1751712492,774855502,,11.569000244140625,0.0,-5.179999828338623,nan,nan,nan,0.7400000095367432,2,0,0,True,"(11.569000244140625,)",(),id1,
2025/07/05/17:48:12.817889,19071,1751712492,817030626,,0.0,0.0,0.009999999776482582,nan,nan,nan,-0.009999999776482582,2,0,0,True,(),(),,
2025/07/05/17:48:12.854577,19072,1751712492,854150710,,11.619000434875488,0.0,-5.279999732971191,nan,nan,nan,0.7400000095367432,2,0,0,True,"(11.619000434875488,)",(),id1,
2025/07/05/17:48:12.895164,19073,1751712492,894571976,,0.0,0.0,0.009999999776482582,nan,nan,nan,-0.009999999776482582,2,0,0,True,(),(),,
2025/07/05/17:48:12.954307,19074,1751712492,954017803,,11.706000328063965,0.0,-5.569999694824219,nan,nan,nan,0.7400000095367432,2,0,0,True,"(11.706000328063965,)",(),id1,
2025/07/05/17:48:13.017578,19075,1751712493,17055137,,0.0,0.0,0.009999999776482582,nan,nan,nan,-0.009999999776482582,2,0,0,True,(),(),,
2025/07/05/17:48:13.054552,19076,1751712493,54226571,,11.717000961303711,0.0,-5.489999771118164,nan,nan,nan,0.7400000095367432,2,0,0,True,"(11.717000961303711,)",(),id1,
2025/07/05/17:48:13.095647,19077,1751712493,94505354,,0.0,0.0,0.009999999776482582,nan,nan,nan,-0.009999999776482582,2,0,0,True,(),(),,
2025/07/05/17:48:13.135798,19078,1751712493,134378761,,11.707000732421875,0.0,-6.649999618530273,nan,nan,nan,0.7400000095367432,2,0,0,True,"(11.707000732421875,)",(),id1,
2025/07/05/17:48:13.175614,19079,1751712493,174979405,,0.0,0.0,0.009999999776482582,nan,nan,nan,-0.009999999776482582,2,0,0,True,(),(),,
2025/07/05/17:48:13.219104,19080,1751712493,217793832,,11.699000358581543,0.0,-7.989999771118164,nan,nan,nan,0.7400000095367432,2,0,0,True,"(11.699000358581543,)",(),id1,
2025/07/05/17:48:13.254418,19081,1751712493,253477818,,0.0,0.0,0.009999999776482582,nan,nan,nan,-0.009999999776482582,2,0,0,True,(),(),,
2025/07/05/17:48:13.314476,19082,1751712493,314162597,,11.694000244140625,0.0,-8.619999885559082,nan,nan,nan,0.7400000095367432,2,0,0,True,"(11.694000244140625,)",(),id1,
2025/07/05/17:48:13.354727,19083,1751712493,354275075,,0.0,0.0,0.009999999776482582,nan,nan,nan,-0.009999999776482582,2,0,0,True,(),(),,
2025/07/05/17:48:13.454788,19084,1751712493,454222869,,11.668000221252441,0.0,-9.739999771118164,nan,nan,nan,0.7400000095367432,2,0,0,True,"(11.668000221252441,)",(),id1,
2025/07/05/17:48:13.554116,19085,1751712493,553395897,,0.0,0.0,0.009999999776482582,nan,nan,nan,-0.009999999776482582,2,0,0,True,(),(),,
2025/07/05/17:48:13.616759,19086,1751712493,616150334,,11.61500072479248,0.0,-13.139999389648438,nan,nan,nan,0.7400000095367432,2,0,0,True,"(11.61500072479248,)",(),id1,
2025/07/05/17:48:13.655092,19087,1751712493,654339483,,0.0,0.0,0.009999999776482582,nan,nan,nan,-0.009999999776482582,2,0,0,True,(),(),,
2025/07/05/17:48:13.714720,19088,1751712493,714206930,,11.531000137329102,0.0,-13.899999618530273,nan,nan,nan,0.7400000095367432,2,0,0,True,"(11.531000137329102,)",(),id1,
2025/07/05/17:48:13.754284,19089,1751712493,753338423,,0.0,0.0,0.009999999776482582,nan,nan,nan,-0.009999999776482582,2,0,0,True,(),(),,
2025/07/05/17:48:13.817583,19090,1751712493,817106750,,11.480000495910645,0.0,-14.40999984741211,nan,nan,nan,0.7400000095367432,2,0,0,True,"(11.480000495910645,)",(),id1,
2025/07/05/17:48:13.853908,19091,1751712493,853196898,,0.0,0.0,0.009999999776482582,nan,nan,nan,-0.009999999776482582,2,0,0,True,(),(),,
2025/07/05/17:48:13.914958,19092,1751712493,914281848,,11.52500057220459,0.0,-14.579999923706055,nan,nan,nan,0.7400000095367432,2,0,0,True,"(11.52500057220459,)",(),id1,
2025/07/05/17:48:13.955091,19093,1751712493,954365446,,0.0,0.0,0.009999999776482582,nan,nan,nan,-0.009999999776482582,2,0,0,True,(),(),,
2025/07/05/17:48:13.996395,19094,1751712493,996137973,,11.52500057220459,0.0,-14.579999923706055,nan,nan,nan,0.7400000095367432,2,0,0,True,"(11.52500057220459,)",(),id1,
2025/07/05/17:48:14.054324,19095,1751712494,53553251,,0.0,0.0,0.009999999776482582,nan,nan,nan,-0.009999999776482582,2,0,0,True,(),(),,
2025/07/05/17:48:14.115058,19096,1751712494,114377467,,11.566000938415527,0.0,-15.84999942779541,nan,nan,nan,0.7400000095367432,2,0,0,True,"(11.566000938415527,)",(),id1,
2025/07/05/17:48:14.154406,19097,1751712494,153463696,,0.0,0.0,0.009999999776482582,nan,nan,nan,-0.009999999776482582,2,0,0,True,(),(),,
2025/07/05/17:48:14.196828,19098,1751712494,196337168,,11.566000938415527,0.0,-15.84999942779541,nan,nan,nan,0.7400000095367432,2,0,0,True,"(11.566000938415527,)",(),id1,
2025/07/05/17:48:14.234135,19099,1751712494,233342481,,0.0,0.0,0.009999999776482582,nan,nan,nan,-0.009999999776482582,2,0,0,True,(),(),,
2025/07/05/17:48:14.294432,19100,1751712494,294126017,,11.557000160217285,0.0,-15.649999618530273,nan,nan,nan,0.7400000095367432,2,0,0,True,"(11.557000160217285,)",(),id1,
2025/07/05/17:48:14.334983,19101,1751712494,334345492,,0.0,0.0,0.009999999776482582,nan,nan,nan,-0.009999999776482582,2,0,0,True,(),(),,
2025/07/05/17:48:14.418088,19102,1751712494,417848670,,11.380000114440918,0.0,-16.59000015258789,nan,nan,nan,0.7400000095367432,2,0,0,True,"(11.380000114440918,)",(),id1,
2025/07/05/17:48:14.475071,19103,1751712494,474463818,,0.0,0.0,0.009999999776482582,nan,nan,nan,-0.009999999776482582,2,0,0,True,(),(),,
2025/07/05/17:48:14.553631,19104,1751712494,553077167,,11.384000778198242,0.0,-15.699999809265137,nan,nan,nan,0.7400000095367432,2,0,0,True,"(11.384000778198242,)",(),id1,
2025/07/05/17:48:14.596001,19105,1751712494,594899839,,0.0,0.0,0.009999999776482582,nan,nan,nan,-0.009999999776482582,2,0,0,True,(),(),,
2025/07/05/17:48:14.633669,19106,1751712494,633198647,,11.50100040435791,0.0,-16.049999237060547,nan,nan,nan,0.7400000095367432,2,0,0,True,"(11.50100040435791,)",(),id1,
2025/07/05/17:48:14.674777,19107,1751712494,674294194,,0.0,0.0,0.009999999776482582,nan,nan,nan,-0.009999999776482582,2,0,0,True,(),(),,
2025/07/05/17:48:14.733611,19108,1751712494,733248332,,11.403000831604004,0.0,-15.670000076293945,nan,nan,nan,0.7400000095367432,2,0,0,True,"(11.403000831604004,)",(),id1,
2025/07/05/17:48:14.775128,19109,1751712494,774469160,,0.0,0.0,0.009999999776482582,nan,nan,nan,-0.009999999776482582,2,0,0,True,(),(),,
2025/07/05/17:48:14.817782,19110,1751712494,817269950,,11.452000617980957,0.0,-16.44999885559082,nan,nan,nan,0.7400000095367432,2,0,0,True,"(11.452000617980957,)",(),id1,
2025/07/05/17:48:14.854854,19111,1751712494,854377124,,0.0,0.0,0.009999999776482582,nan,nan,nan,-0.009999999776482582,2,0,0,True,(),(),,
2025/07/05/17:48:14.934721,19112,1751712494,934175879,,11.304000854492188,0.0,-15.199999809265137,nan,nan,nan,0.7400000095367432,2,0,0,True,"(11.304000854492188,)",(),id1,
2025/07/05/17:48:14.975062,19113,1751712494,973872178,,0.0,0.0,0.009999999776482582,nan,nan,nan,-0.009999999776482582,2,0,0,True,(),(),,
2025/07/05/17:48:15.017795,19114,1751712495,17351431,,11.452000617980957,0.0,-15.369999885559082,nan,nan,nan,0.7400000095367432,2,0,0,True,"(11.452000617980957,)",(),id1,
2025/07/05/17:48:15.054130,19115,1751712495,53340340,,0.0,0.0,0.009999999776482582,nan,nan,nan,-0.009999999776482582,2,0,0,True,(),(),,
2025/07/05/17:48:15.114847,19116,1751712495,114248148,,11.505000114440918,0.0,-15.579999923706055,nan,nan,nan,0.7400000095367432,2,0,0,True,"(11.505000114440918,)",(),id1,
2025/07/05/17:48:15.154044,19117,1751712495,153409648,,0.0,0.0,0.009999999776482582,nan,nan,nan,-0.009999999776482582,2,0,0,True,(),(),,
2025/07/05/17:48:15.217628,19118,1751712495,217213114,,11.543000221252441,0.0,-14.429999351501465,nan,nan,nan,0.7400000095367432,2,0,0,True,"(11.543000221252441,)",(),id1,
2025/07/05/17:48:15.254310,19119,1751712495,253446020,,0.0,0.0,0.009999999776482582,nan,nan,nan,-0.009999999776482582,2,0,0,True,(),(),,
2025/07/05/17:48:15.314760,19120,1751712495,314283536,,11.380000114440918,0.0,-14.269999504089355,nan,nan,nan,0.7400000095367432,2,0,0,True,"(11.380000114440918,)",(),id1,
2025/07/05/17:48:15.354190,19121,1751712495,353357576,,0.0,0.0,0.009999999776482582,nan,nan,nan,-0.009999999776482582,2,0,0,True,(),(),,
2025/07/05/17:48:15.495511,19122,1751712495,495169157,,11.415000915527344,0.0,-15.34999942779541,nan,nan,nan,0.7400000095367432,2,0,0,True,"(11.415000915527344,)",(),id1,
2025/07/05/17:48:15.534738,19123,1751712495,534235628,,0.0,0.0,0.009999999776482582,nan,nan,nan,-0.009999999776482582,2,0,0,True,(),(),,
2025/07/05/17:48:15.595748,19124,1751712495,595112877,,11.32800006866455,0.0,-16.469999313354492,nan,nan,nan,0.7400000095367432,2,0,0,True,"(11.32800006866455,)",(),id1,
2025/07/05/17:48:15.634156,19125,1751712495,633361032,,0.0,0.0,0.009999999776482582,nan,nan,nan,-0.009999999776482582,2,0,0,True,(),(),,
2025/07/05/17:48:15.674293,19126,1751712495,673954157,,11.47800064086914,0.0,-17.170000076293945,nan,nan,nan,0.7400000095367432,2,0,0,True,"(11.47800064086914,)",(),id1,
2025/07/05/17:48:15.714701,19127,1751712495,714011787,,0.0,0.0,0.009999999776482582,nan,nan,nan,-0.009999999776482582,2,0,0,True,(),(),,
2025/07/05/17:48:15.773741,19128,1751712495,773241997,,11.440000534057617,0.0,-17.489999771118164,nan,nan,nan,0.7400000095367432,2,0,0,True,"(11.440000534057617,)",(),id1,
2025/07/05/17:48:15.817541,19129,1751712495,816731063,,0.0,0.0,0.009999999776482582,nan,nan,nan,-0.009999999776482582,2,0,0,True,(),(),,
2025/07/05/17:48:15.853927,19130,1751712495,853374489,,11.431000709533691,0.0,-18.90999984741211,nan,nan,nan,0.7400000095367432,2,0,0,True,"(11.431000709533691,)",(),id1,
2025/07/05/17:48:15.895401,19131,1751712495,894984455,,0.0,0.0,0.009999999776482582,nan,nan,nan,-0.009999999776482582,2,0,0,True,(),(),,
2025/07/05/17:48:15.954669,19132,1751712495,954267562,,11.47800064086914,0.0,-18.799999237060547,nan,nan,nan,0.7400000095367432,2,0,0,True,"(11.47800064086914,)",(),id1,
2025/07/05/17:48:15.995825,19133,1751712495,995268568,,0.0,0.0,0.009999999776482582,nan,nan,nan,-0.009999999776482582,2,0,0,True,(),(),,
2025/07/05/17:48:16.033605,19134,1751712496,33296257,,11.410000801086426,0.0,-18.60999870300293,nan,nan,nan,0.7400000095367432,2,0,0,True,"(11.410000801086426,)",(),id1,
2025/07/05/17:48:16.075050,19135,1751712496,74591740,,0.0,0.0,0.009999999776482582,nan,nan,nan,-0.009999999776482582,2,0,0,True,(),(),,
2025/07/05/17:48:16.133649,19136,1751712496,133186234,,11.475000381469727,0.0,-18.559999465942383,nan,nan,nan,0.7400000095367432,2,0,0,True,"(11.475000381469727,)",(),id1,
2025/07/05/17:48:16.174077,19137,1751712496,173381100,,0.0,0.0,0.009999999776482582,nan,nan,nan,-0.009999999776482582,2,0,0,True,(),(),,
2025/07/05/17:48:16.217790,19138,1751712496,217250465,,11.447000503540039,0.0,-18.53999900817871,nan,nan,nan,0.7400000095367432,2,0,0,True,"(11.447000503540039,)",(),id1,
2025/07/05/17:48:16.254182,19139,1751712496,253326276,,0.0,0.0,0.009999999776482582,nan,nan,nan,-0.009999999776482582,2,0,0,True,(),(),,
2025/07/05/17:48:16.314927,19140,1751712496,314375664,,11.35200023651123,0.0,-18.53999900817871,nan,nan,nan,0.7400000095367432,2,0,0,True,"(11.35200023651123,)",(),id1,
2025/07/05/17:48:16.355045,19141,1751712496,354337497,,0.0,0.0,0.009999999776482582,nan,nan,nan,-0.009999999776482582,2,0,0,True,(),(),,
2025/07/05/17:48:16.454895,19142,1751712496,454251752,,11.291000366210938,0.0,-18.44999885559082,nan,nan,nan,0.7400000095367432,2,0,0,True,"(11.291000366210938,)",(),id1,
2025/07/05/17:48:16.495818,19143,1751712496,495410716,,0.0,0.0,0.009999999776482582,nan,nan,nan,-0.009999999776482582,2,0,0,True,(),(),,
2025/07/05/17:48:16.553866,19144,1751712496,553410074,,11.355000495910645,0.0,-18.190000534057617,nan,nan,nan,0.7400000095367432,2,0,0,True,"(11.355000495910645,)",(),id1,
2025/07/05/17:48:16.595544,19145,1751712496,595071310,,0.0,0.0,0.009999999776482582,nan,nan,nan,-0.009999999776482582,2,0,0,True,(),(),,
2025/07/05/17:48:16.618083,19146,1751712496,617114999,,11.37700080871582,0.0,-17.93000030517578,nan,nan,nan,0.7400000095367432,2,0,0,True,"(11.37700080871582,)",(),id1,
2025/07/05/17:48:16.674966,19147,1751712496,674421942,,0.0,0.0,0.009999999776482582,nan,nan,nan,-0.009999999776482582,2,0,0,True,(),(),,
2025/07/05/17:48:16.714802,19148,1751712496,714196837,,11.438000679016113,0.0,-18.149999618530273,nan,nan,nan,0.7400000095367432,2,0,0,True,"(11.438000679016113,)",(),id1,
2025/07/05/17:48:16.774232,19149,1751712496,773327350,,0.0,0.0,0.009999999776482582,nan,nan,nan,-0.009999999776482582,2,0,0,True,(),(),,
2025/07/05/17:48:16.817795,19150,1751712496,817271441,,11.31100082397461,0.0,-17.899999618530273,nan,nan,nan,0.7400000095367432,2,0,0,True,"(11.31100082397461,)",(),id1,
2025/07/05/17:48:16.854240,19151,1751712496,853385613,,0.0,0.0,0.009999999776482582,nan,nan,nan,-0.009999999776482582,2,0,0,True,(),(),,
2025/07/05/17:48:16.933663,19152,1751712496,933158293,,11.374000549316406,0.0,-17.84000015258789,nan,nan,nan,0.7400000095367432,2,0,0,True,"(11.374000549316406,)",(),id1,
2025/07/05/17:48:16.974386,19153,1751712496,973542528,,0.0,0.0,0.009999999776482582,nan,nan,nan,-0.009999999776482582,2,0,0,True,(),(),,
2025/07/05/17:48:17.017714,19154,1751712497,17226048,,11.360000610351562,0.0,-17.53999900817871,nan,nan,nan,0.7400000095367432,2,0,0,True,"(11.360000610351562,)",(),id1,
2025/07/05/17:48:17.075138,19155,1751712497,74231739,,0.0,0.0,0.009999999776482582,nan,nan,nan,-0.009999999776482582,2,0,0,True,(),(),,
2025/07/05/17:48:17.114885,19156,1751712497,114421122,,11.321000099182129,0.0,-18.3799991607666,nan,nan,nan,0.7400000095367432,2,0,0,True,"(11.321000099182129,)",(),id1,
2025/07/05/17:48:17.174273,19157,1751712497,173750222,,0.0,0.0,0.009999999776482582,nan,nan,nan,-0.009999999776482582,2,0,0,True,(),(),,
2025/07/05/17:48:17.215762,19158,1751712497,215184007,,11.380000114440918,0.0,-17.959999084472656,nan,nan,nan,0.7400000095367432,2,0,0,True,"(11.380000114440918,)",(),id1,
2025/07/05/17:48:17.254052,19159,1751712497,253297413,,0.0,0.0,0.009999999776482582,nan,nan,nan,-0.009999999776482582,2,0,0,True,(),(),,
2025/07/05/17:48:17.295035,19160,1751712497,294374958,,11.380000114440918,0.0,-17.959999084472656,nan,nan,nan,0.7400000095367432,2,0,0,True,"(11.380000114440918,)",(),id1,
2025/07/05/17:48:17.334165,19161,1751712497,333361856,,0.0,0.0,0.009999999776482582,nan,nan,nan,-0.009999999776482582,2,0,0,True,(),(),,
2025/07/05/17:48:17.418677,19162,1751712497,418313856,,11.40000057220459,0.0,-16.40999984741211,nan,nan,nan,0.7400000095367432,2,0,0,True,"(11.40000057220459,)",(),id1,
2025/07/05/17:48:17.474810,19163,1751712497,474430843,,0.0,0.0,0.009999999776482582,nan,nan,nan,-0.009999999776482582,2,0,0,True,(),(),,
2025/07/05/17:48:17.553657,19164,1751712497,553238796,,11.336000442504883,0.0,-16.229999542236328,nan,nan,nan,0.7400000095367432,2,0,0,True,"(11.336000442504883,)",(),id1,
2025/07/05/17:48:17.596092,19165,1751712497,595366115,,0.0,0.0,0.009999999776482582,nan,nan,nan,-0.009999999776482582,2,0,0,True,(),(),,
2025/07/05/17:48:17.633430,19166,1751712497,633017189,,11.359000205993652,0.0,-15.989999771118164,nan,nan,nan,0.7400000095367432,2,0,0,True,"(11.359000205993652,)",(),id1,
2025/07/05/17:48:17.674301,19167,1751712497,673747061,,0.0,0.0,0.009999999776482582,nan,nan,nan,-0.009999999776482582,2,0,0,True,(),(),,
2025/07/05/17:48:17.715041,19168,1751712497,714372535,,11.383000373840332,0.0,-17.029998779296875,nan,nan,nan,0.7400000095367432,2,0,0,True,"(11.383000373840332,)",(),id1,
2025/07/05/17:48:17.754111,19169,1751712497,753283021,,0.0,0.0,0.009999999776482582,nan,nan,nan,-0.009999999776482582,2,0,0,True,(),(),,
2025/07/05/17:48:17.816468,19170,1751712497,816132784,,11.464000701904297,0.0,-16.619998931884766,nan,nan,nan,0.7400000095367432,2,0,0,True,"(11.464000701904297,)",(),id1,
2025/07/05/17:48:17.854923,19171,1751712497,854277410,,0.0,0.0,0.009999999776482582,nan,nan,nan,-0.009999999776482582,2,0,0,True,(),(),,
2025/07/05/17:48:17.933657,19172,1751712497,933236564,,11.474000930786133,0.0,-17.049999237060547,nan,nan,nan,0.7400000095367432,2,0,0,True,"(11.474000930786133,)",(),id1,
2025/07/05/17:48:17.973989,19173,1751712497,973293728,,0.0,0.0,0.009999999776482582,nan,nan,nan,-0.009999999776482582,2,0,0,True,(),(),,
2025/07/05/17:48:18.017630,19174,1751712498,17186274,,11.49000072479248,0.0,-16.81999969482422,nan,nan,nan,0.7400000095367432,2,0,0,True,"(11.49000072479248,)",(),id1,
2025/07/05/17:48:18.054027,19175,1751712498,53234010,,0.0,0.0,0.009999999776482582,nan,nan,nan,-0.009999999776482582,2,0,0,True,(),(),,
2025/07/05/17:48:18.114627,19176,1751712498,114213191,,11.496000289916992,0.0,-16.8799991607666,nan,nan,nan,0.7400000095367432,2,0,0,True,"(11.496000289916992,)",(),id1,
2025/07/05/17:48:18.154037,19177,1751712498,153451914,,0.0,0.0,0.009999999776482582,nan,nan,nan,-0.009999999776482582,2,0,0,True,(),(),,
2025/07/05/17:48:18.216405,19178,1751712498,216047603,,11.517000198364258,0.0,-16.15999984741211,nan,nan,nan,0.7400000095367432,2,0,0,True,"(11.517000198364258,)",(),id1,
2025/07/05/17:48:18.254070,19179,1751712498,253400781,,0.0,0.0,0.009999999776482582,nan,nan,nan,-0.009999999776482582,2,0,0,True,(),(),,
2025/07/05/17:48:18.314716,19180,1751712498,314270116,,11.505000114440918,0.0,-16.3799991607666,nan,nan,nan,0.7400000095367432,2,0,0,True,"(11.505000114440918,)",(),id1,
2025/07/05/17:48:18.354139,19181,1751712498,353366919,,0.0,0.0,0.009999999776482582,nan,nan,nan,-0.009999999776482582,2,0,0,True,(),(),,
2025/07/05/17:48:18.495495,19182,1751712498,495074531,,11.430000305175781,0.0,-17.10999870300293,nan,nan,nan,0.7400000095367432,2,0,0,True,"(11.430000305175781,)",(),id1,
2025/07/05/17:48:18.534075,19183,1751712498,533215007,,0.0,0.0,0.009999999776482582,nan,nan,nan,-0.009999999776482582,2,0,0,True,(),(),,
2025/07/05/17:48:18.595881,19184,1751712498,595224561,,11.29800033569336,0.0,-16.75,nan,nan,nan,0.7400000095367432,2,0,0,True,"(11.29800033569336,)",(),id1,
2025/07/05/17:48:18.634458,19185,1751712498,633296908,,0.0,0.0,0.009999999776482582,nan,nan,nan,-0.009999999776482582,2,0,0,True,(),(),,
2025/07/05/17:48:18.674435,19186,1751712498,674088966,,11.300000190734863,0.0,-16.3799991607666,nan,nan,nan,0.7400000095367432,2,0,0,True,"(11.300000190734863,)",(),id1,
2025/07/05/17:48:18.734124,19187,1751712498,733242849,,0.0,0.0,0.009999999776482582,nan,nan,nan,-0.009999999776482582,2,0,0,True,(),(),,
2025/07/05/17:48:18.795688,19188,1751712498,795203476,,11.433000564575195,0.0,-16.3799991607666,nan,nan,nan,0.7400000095367432,2,0,0,True,"(11.433000564575195,)",(),id1,
2025/07/05/17:48:18.834144,19189,1751712498,833484165,,0.0,0.0,0.009999999776482582,nan,nan,nan,-0.009999999776482582,2,0,0,True,(),(),,
2025/07/05/17:48:18.894791,19190,1751712498,894472864,,11.45300006866455,0.0,-16.729999542236328,nan,nan,nan,0.7400000095367432,2,0,0,True,"(11.45300006866455,)",(),id1,
2025/07/05/17:48:18.934072,19191,1751712498,933282004,,0.0,0.0,0.009999999776482582,nan,nan,nan,-0.009999999776482582,2,0,0,True,(),(),,
2025/07/05/17:48:18.973561,19192,1751712498,973199048,,11.368000984191895,0.0,-16.84000015258789,nan,nan,nan,0.7400000095367432,2,0,0,True,"(11.368000984191895,)",(),id1,
2025/07/05/17:48:19.033975,19193,1751712499,33202443,,0.0,0.0,0.009999999776482582,nan,nan,nan,-0.009999999776482582,2,0,0,True,(),(),,
2025/07/05/17:48:19.094519,19194,1751712499,94200683,,11.347000122070312,0.0,-16.059999465942383,nan,nan,nan,0.7400000095367432,2,0,0,True,"(11.347000122070312,)",(),id1,
2025/07/05/17:48:19.135038,19195,1751712499,134297202,,0.0,0.0,0.009999999776482582,nan,nan,nan,-0.009999999776482582,2,0,0,True,(),(),,
2025/07/05/17:48:19.195718,19196,1751712499,195248938,,11.32300090789795,0.0,-15.969999313354492,nan,nan,nan,0.7400000095367432,2,0,0,True,"(11.32300090789795,)",(),id1,
2025/07/05/17:48:19.233975,19197,1751712499,233160328,,0.0,0.0,0.009999999776482582,nan,nan,nan,-0.009999999776482582,2,0,0,True,(),(),,
2025/07/05/17:48:19.274313,19198,1751712499,273844472,,11.437000274658203,0.0,-16.8799991607666,nan,nan,nan,0.7400000095367432,2,0,0,True,"(11.437000274658203,)",(),id1,
2025/07/05/17:48:19.334264,19199,1751712499,333338513,,0.0,0.0,0.009999999776482582,nan,nan,nan,-0.009999999776482582,2,0,0,True,(),(),,
2025/07/05/17:48:19.396076,19200,1751712499,395894371,,11.428000450134277,0.0,-17.619998931884766,nan,nan,nan,0.7400000095367432,2,0,0,True,"(11.428000450134277,)",(),id1,
2025/07/05/17:48:19.454126,19201,1751712499,453434344,,0.0,0.0,0.009999999776482582,nan,nan,nan,-0.009999999776482582,2,0,0,True,(),(),,
2025/07/05/17:48:19.553676,19202,1751712499,553207437,,11.397000312805176,0.0,-16.299999237060547,nan,nan,nan,0.7400000095367432,2,0,0,True,"(11.397000312805176,)",(),id1,
2025/07/05/17:48:19.595614,19203,1751712499,595029524,,0.0,0.0,0.009999999776482582,nan,nan,nan,-0.009999999776482582,2,0,0,True,(),(),,
2025/07/05/17:48:19.633694,19204,1751712499,633085895,,11.348000526428223,0.0,-16.40999984741211,nan,nan,nan,0.7400000095367432,2,0,0,True,"(11.348000526428223,)",(),id1,
2025/07/05/17:48:19.674281,19205,1751712499,673662339,,0.0,0.0,0.009999999776482582,nan,nan,nan,-0.009999999776482582,2,0,0,True,(),(),,
2025/07/05/17:48:19.714726,19206,1751712499,714190667,,11.29800033569336,0.0,-16.549999237060547,nan,nan,nan,0.7400000095367432,2,0,0,True,"(11.29800033569336,)",(),id1,
2025/07/05/17:48:19.774079,19207,1751712499,773490993,,0.0,0.0,0.009999999776482582,nan,nan,nan,-0.009999999776482582,2,0,0,True,(),(),,
2025/07/05/17:48:19.817943,19208,1751712499,817254668,,11.242000579833984,0.0,-16.459999084472656,nan,nan,nan,0.7400000095367432,2,0,0,True,"(11.242000579833984,)",(),id1,
2025/07/05/17:48:19.853982,19209,1751712499,853327785,,0.0,0.0,0.009999999776482582,nan,nan,nan,-0.009999999776482582,2,0,0,True,(),(),,
2025/07/05/17:48:19.915194,19210,1751712499,914387345,,11.431000709533691,0.0,-17.0,nan,nan,nan,0.7400000095367432,2,0,0,True,"(11.431000709533691,)",(),id1,
2025/07/05/17:48:19.974363,19211,1751712499,973389800,,0.0,0.0,0.009999999776482582,nan,nan,nan,-0.009999999776482582,2,0,0,True,(),(),,
2025/07/05/17:48:20.017744,19212,1751712500,17412832,,11.43600082397461,0.0,-16.869998931884766,nan,nan,nan,0.7400000095367432,2,0,0,True,"(11.43600082397461,)",(),id1,
2025/07/05/17:48:20.054142,19213,1751712500,53495510,,0.0,0.0,0.009999999776482582,nan,nan,nan,-0.009999999776482582,2,0,0,True,(),(),,
2025/07/05/17:48:20.115176,19214,1751712500,114368903,,11.301000595092773,0.0,-15.859999656677246,nan,nan,nan,0.7400000095367432,2,0,0,True,"(11.301000595092773,)",(),id1,
2025/07/05/17:48:20.154183,19215,1751712500,153213453,,0.0,0.0,0.009999999776482582,nan,nan,nan,-0.009999999776482582,2,0,0,True,(),(),,
2025/07/05/17:48:20.195728,19216,1751712500,195312400,,11.301000595092773,0.0,-15.859999656677246,nan,nan,nan,0.7400000095367432,2,0,0,True,"(11.301000595092773,)",(),id1,
2025/07/05/17:48:20.253928,19217,1751712500,253255171,,0.0,0.0,0.009999999776482582,nan,nan,nan,-0.009999999776482582,2,0,0,True,(),(),,
2025/07/05/17:48:20.314834,19218,1751712500,314440079,,11.326000213623047,0.0,-16.979999542236328,nan,nan,nan,0.7400000095367432,2,0,0,True,"(11.326000213623047,)",(),id1,
2025/07/05/17:48:20.354106,19219,1751712500,353328840,,0.0,0.0,0.009999999776482582,nan,nan,nan,-0.009999999776482582,2,0,0,True,(),(),,
2025/07/05/17:48:20.513643,19220,1751712500,513261725,,11.449000358581543,0.0,-17.059999465942383,nan,nan,nan,0.7400000095367432,2,0,0,True,"(11.449000358581543,)",(),id1,
2025/07/05/17:48:20.554104,19221,1751712500,553378250,,0.0,0.0,0.009999999776482582,nan,nan,nan,-0.009999999776482582,2,0,0,True,(),(),,
2025/07/05/17:48:20.595664,19222,1751712500,595191382,,11.449000358581543,0.0,-17.059999465942383,nan,nan,nan,0.7400000095367432,2,0,0,True,"(11.449000358581543,)",(),id1,
2025/07/05/17:48:20.633815,19223,1751712500,633110574,,0.0,0.0,0.009999999776482582,nan,nan,nan,-0.009999999776482582,2,0,0,True,(),(),,
2025/07/05/17:48:20.695028,19224,1751712500,694342913,,11.464000701904297,0.0,-16.959999084472656,nan,nan,nan,0.7400000095367432,2,0,0,True,"(11.464000701904297,)",(),id1,
2025/07/05/17:48:20.734033,19225,1751712500,733132894,,0.0,0.0,0.009999999776482582,nan,nan,nan,-0.009999999776482582,2,0,0,True,(),(),,
2025/07/05/17:48:20.794583,19226,1751712500,794244302,,11.491000175476074,0.0,-15.769999504089355,nan,nan,nan,0.7400000095367432,2,0,0,True,"(11.491000175476074,)",(),id1,
2025/07/05/17:48:20.834028,19227,1751712500,833168306,,0.0,0.0,0.009999999776482582,nan,nan,nan,-0.009999999776482582,2,0,0,True,(),(),,
2025/07/05/17:48:20.894634,19228,1751712500,894101050,,11.48900032043457,0.0,-15.889999389648438,nan,nan,nan,0.7400000095367432,2,0,0,True,"(11.48900032043457,)",(),id1,
2025/07/05/17:48:20.935110,19229,1751712500,934267315,,0.0,0.0,0.009999999776482582,nan,nan,nan,-0.009999999776482582,2,0,0,True,(),(),,
2025/07/05/17:48:20.995811,19230,1751712500,995009497,,11.473000526428223,0.0,-16.869998931884766,nan,nan,nan,0.7400000095367432,2,0,0,True,"(11.473000526428223,)",(),id1,
2025/07/05/17:48:21.034584,19231,1751712501,33130668,,0.0,0.0,0.009999999776482582,nan,nan,nan,-0.009999999776482582,2,0,0,True,(),(),,
2025/07/05/17:48:21.094606,19232,1751712501,94201202,,11.474000930786133,0.0,-17.270000457763672,nan,nan,nan,0.7400000095367432,2,0,0,True,"(11.474000930786133,)",(),id1,
2025/07/05/17:48:21.134078,19233,1751712501,133358955,,0.0,0.0,0.009999999776482582,nan,nan,nan,-0.009999999776482582,2,0,0,True,(),(),,
2025/07/05/17:48:21.195824,19234,1751712501,195167219,,11.462000846862793,0.0,-17.329999923706055,nan,nan,nan,0.7400000095367432,2,0,0,True,"(11.462000846862793,)",(),id1,
2025/07/05/17:48:21.233833,19235,1751712501,233085514,,0.0,0.0,0.009999999776482582,nan,nan,nan,-0.009999999776482582,2,0,0,True,(),(),,
2025/07/05/17:48:21.294715,19236,1751712501,294232125,,11.479000091552734,0.0,-16.989999771118164,nan,nan,nan,0.7400000095367432,2,0,0,True,"(11.479000091552734,)",(),id1,
2025/07/05/17:48:21.334127,19237,1751712501,333099970,,0.0,0.0,0.009999999776482582,nan,nan,nan,-0.009999999776482582,2,0,0,True,(),(),,
2025/07/05/17:48:21.433637,19238,1751712501,433137472,,11.488000869750977,0.0,-16.19999885559082,nan,nan,nan,0.7400000095367432,2,0,0,True,"(11.488000869750977,)",(),id1,
2025/07/05/17:48:21.495850,19239,1751712501,495272615,,0.0,0.0,0.009999999776482582,nan,nan,nan,-0.009999999776482582,2,0,0,True,(),(),,
2025/07/05/17:48:21.573734,19240,1751712501,573290055,,11.492000579833984,0.0,-15.59999942779541,nan,nan,nan,0.7400000095367432,2,0,0,True,"(11.492000579833984,)",(),id1,
2025/07/05/17:48:21.617365,19241,1751712501,616721276,,0.0,0.0,0.009999999776482582,nan,nan,nan,-0.009999999776482582,2,0,0,True,(),(),,
2025/07/05/17:48:21.653945,19242,1751712501,653303102,,11.499000549316406,0.0,-15.319999694824219,nan,nan,nan,0.7400000095367432,2,0,0,True,"(11.499000549316406,)",(),id1,
2025/07/05/17:48:21.695042,19243,1751712501,694332943,,0.0,0.0,0.009999999776482582,nan,nan,nan,-0.009999999776482582,2,0,0,True,(),(),,
2025/07/05/17:48:21.753589,19244,1751712501,753209768,,11.483000755310059,0.0,-16.299999237060547,nan,nan,nan,0.7400000095367432,2,0,0,True,"(11.483000755310059,)",(),id1,
2025/07/05/17:48:21.795626,19245,1751712501,795007791,,0.0,0.0,0.009999999776482582,nan,nan,nan,-0.009999999776482582,2,0,0,True,(),(),,
2025/07/05/17:48:21.833468,19246,1751712501,833082989,,11.499000549316406,0.0,-15.380000114440918,nan,nan,nan,0.7400000095367432,2,0,0,True,"(11.499000549316406,)",(),id1,
2025/07/05/17:48:21.894598,19247,1751712501,894209811,,0.0,0.0,0.009999999776482582,nan,nan,nan,-0.009999999776482582,2,0,0,True,(),(),,
2025/07/05/17:48:21.953776,19248,1751712501,953272768,,11.48900032043457,0.0,-15.920000076293945,nan,nan,nan,0.7400000095367432,2,0,0,True,"(11.48900032043457,)",(),id1,
2025/07/05/17:48:21.995649,19249,1751712501,994991937,,0.0,0.0,0.009999999776482582,nan,nan,nan,-0.009999999776482582,2,0,0,True,(),(),,
2025/07/05/17:48:22.032479,19250,1751712502,32027934,,11.475000381469727,0.0,-17.029998779296875,nan,nan,nan,0.7400000095367432,2,0,0,True,"(11.475000381469727,)",(),id1,
2025/07/05/17:48:22.073898,19251,1751712502,73640314,,0.0,0.0,0.009999999776482582,nan,nan,nan,-0.009999999776482582,2,0,0,True,(),(),,
2025/07/05/17:48:22.115005,19252,1751712502,114231829,,11.482000350952148,0.0,-16.719999313354492,nan,nan,nan,0.7299999594688416,2,0,0,True,"(11.482000350952148,)",(),id1,
2025/07/05/17:48:22.153873,19253,1751712502,152968292,,0.0,0.0,0.009999999776482582,nan,nan,nan,-0.009999999776482582,2,0,0,True,(),(),,
2025/07/05/17:48:22.195767,19254,1751712502,195347637,,11.482000350952148,0.0,-16.719999313354492,nan,nan,nan,0.7299999594688416,2,0,0,True,"(11.482000350952148,)",(),id1,
2025/07/05/17:48:22.233834,19255,1751712502,233058227,,0.0,0.0,0.009999999776482582,nan,nan,nan,-0.009999999776482582,2,0,0,True,(),(),,
2025/07/05/17:48:22.294459,19256,1751712502,294169560,,11.464000701904297,0.0,-17.469999313354492,nan,nan,nan,0.7299999594688416,2,0,0,True,"(11.464000701904297,)",(),id1,
2025/07/05/17:48:22.333653,19257,1751712502,333162404,,0.0,0.0,0.009999999776482582,nan,nan,nan,-0.009999999776482582,2,0,0,True,(),(),,
2025/07/05/17:48:22.453679,19258,1751712502,453219969,,11.449000358581543,0.0,-17.75,nan,nan,nan,0.7299999594688416,2,0,0,True,"(11.449000358581543,)",(),id1,
2025/07/05/17:48:22.514750,19259,1751712502,514192684,,0.0,0.0,0.009999999776482582,nan,nan,nan,-0.009999999776482582,2,0,0,True,(),(),,
2025/07/05/17:48:22.553901,19260,1751712502,553139307,,11.464000701904297,0.0,-17.520000457763672,nan,nan,nan,0.7299999594688416,2,0,0,True,"(11.464000701904297,)",(),id1,
2025/07/05/17:48:22.617485,19261,1751712502,616694751,,0.0,0.0,0.009999999776482582,nan,nan,nan,-0.009999999776482582,2,0,0,True,(),(),,
2025/07/05/17:48:22.653409,19262,1751712502,653097917,,11.470000267028809,0.0,-17.139999389648438,nan,nan,nan,0.7299999594688416,2,0,0,True,"(11.470000267028809,)",(),id1,
2025/07/05/17:48:22.715034,19263,1751712502,714358208,,0.0,0.0,0.009999999776482582,nan,nan,nan,-0.009999999776482582,2,0,0,True,(),(),,
2025/07/05/17:48:22.753943,19264,1751712502,753343210,,11.460000991821289,0.0,-17.579999923706055,nan,nan,nan,0.7299999594688416,2,0,0,True,"(11.460000991821289,)",(),id1,
2025/07/05/17:48:22.817399,19265,1751712502,816789300,,0.0,0.0,0.009999999776482582,nan,nan,nan,-0.009999999776482582,2,0,0,True,(),(),,
2025/07/05/17:48:22.853713,19266,1751712502,853195762,,11.463000297546387,0.0,-17.18000030517578,nan,nan,nan,0.7299999594688416,2,0,0,True,"(11.463000297546387,)",(),id1,
2025/07/05/17:48:22.914819,19267,1751712502,913971054,,0.0,0.0,0.009999999776482582,nan,nan,nan,-0.009999999776482582,2,0,0,True,(),(),,
2025/07/05/17:48:22.953645,19268,1751712502,953133905,,11.461000442504883,0.0,-17.459999084472656,nan,nan,nan,0.7299999594688416,2,0,0,True,"(11.461000442504883,)",(),id1,
2025/07/05/17:48:22.995917,19269,1751712502,994707499,,0.0,0.0,0.009999999776482582,nan,nan,nan,-0.009999999776482582,2,0,0,True,(),(),,
2025/07/05/17:48:23.033717,19270,1751712503,33145031,,11.45300006866455,0.0,-17.940000534057617,nan,nan,nan,0.7299999594688416,2,0,0,True,"(11.45300006866455,)",(),id1,
2025/07/05/17:48:23.074287,19271,1751712503,73569809,,0.0,0.0,0.009999999776482582,nan,nan,nan,-0.009999999776482582,2,0,0,True,(),(),,
2025/07/05/17:48:23.114875,19272,1751712503,114369319,,11.446000099182129,0.0,-17.779998779296875,nan,nan,nan,0.7299999594688416,2,0,0,True,"(11.446000099182129,)",(),id1,
2025/07/05/17:48:23.173941,19273,1751712503,173456328,,0.0,0.0,0.009999999776482582,nan,nan,nan,-0.009999999776482582,2,0,0,True,(),(),,
2025/07/05/17:48:23.216929,19274,1751712503,216316398,,11.396000862121582,0.0,-17.75,nan,nan,nan,0.7299999594688416,2,0,0,True,"(11.396000862121582,)",(),id1,
2025/07/05/17:48:23.254116,19275,1751712503,253394748,,0.0,0.0,0.009999999776482582,nan,nan,nan,-0.009999999776482582,2,0,0,True,(),(),,
2025/07/05/17:48:23.294825,19276,1751712503,294068166,,11.396000862121582,0.0,-17.75,nan,nan,nan,0.7299999594688416,2,0,0,True,"(11.396000862121582,)",(),id1,
2025/07/05/17:48:23.333819,19277,1751712503,333042096,,0.0,0.0,0.009999999776482582,nan,nan,nan,-0.009999999776482582,2,0,0,True,(),(),,
2025/07/05/17:48:23.474749,19278,1751712503,474264215,,11.443000793457031,0.0,-17.34000015258789,nan,nan,nan,0.7299999594688416,2,0,0,True,"(11.443000793457031,)",(),id1,
2025/07/05/17:48:23.514805,19279,1751712503,514048374,,0.0,0.0,0.009999999776482582,nan,nan,nan,-0.009999999776482582,2,0,0,True,(),(),,
2025/07/05/17:48:23.573654,19280,1751712503,573242974,,11.45300006866455,0.0,-17.479999542236328,nan,nan,nan,0.7299999594688416,2,0,0,True,"(11.45300006866455,)",(),id1,
2025/07/05/17:48:23.617793,19281,1751712503,616757250,,0.0,0.0,0.009999999776482582,nan,nan,nan,-0.009999999776482582,2,0,0,True,(),(),,
2025/07/05/17:48:23.654013,19282,1751712503,653365332,,11.471000671386719,0.0,-17.65999984741211,nan,nan,nan,0.7299999594688416,2,0,0,True,"(11.471000671386719,)",(),id1,
2025/07/05/17:48:23.694724,19283,1751712503,694131969,,0.0,0.0,0.009999999776482582,nan,nan,nan,-0.009999999776482582,2,0,0,True,(),(),,
2025/07/05/17:48:23.753704,19284,1751712503,753181603,,11.458000183105469,0.0,-17.760000228881836,nan,nan,nan,0.7299999594688416,2,0,0,True,"(11.458000183105469,)",(),id1,
2025/07/05/17:48:23.795636,19285,1751712503,794997157,,0.0,0.0,0.009999999776482582,nan,nan,nan,-0.009999999776482582,2,0,0,True,(),(),,
2025/07/05/17:48:23.832397,19286,1751712503,831992646,,11.45300006866455,0.0,-17.8799991607666,nan,nan,nan,0.7299999594688416,2,0,0,True,"(11.45300006866455,)",(),id1,
2025/07/05/17:48:23.874272,19287,1751712503,873651558,,0.0,0.0,0.009999999776482582,nan,nan,nan,-0.009999999776482582,2,0,0,True,(),(),,
2025/07/05/17:48:23.933895,19288,1751712503,933244795,,11.464000701904297,0.0,-17.709999084472656,nan,nan,nan,0.7299999594688416,2,0,0,True,"(11.464000701904297,)",(),id1,
2025/07/05/17:48:23.995757,19289,1751712503,994900858,,0.0,0.0,0.009999999776482582,nan,nan,nan,-0.009999999776482582,2,0,0,True,(),(),,
2025/07/05/17:48:24.032507,19290,1751712504,32058817,,11.467000961303711,0.0,-17.389999389648438,nan,nan,nan,0.7299999594688416,2,0,0,True,"(11.467000961303711,)",(),id1,
2025/07/05/17:48:24.074135,19291,1751712504,73340958,,0.0,0.0,0.009999999776482582,nan,nan,nan,-0.009999999776482582,2,0,0,True,(),(),,
2025/07/05/17:48:24.114789,19292,1751712504,114217483,,11.460000991821289,0.0,-17.639999389648438,nan,nan,nan,0.7299999594688416,2,0,0,True,"(11.460000991821289,)",(),id1,
2025/07/05/17:48:24.154058,19293,1751712504,153560271,,0.0,0.0,0.009999999776482582,nan,nan,nan,-0.009999999776482582,2,0,0,True,(),(),,
2025/07/05/17:48:24.195540,19294,1751712504,195033370,,11.460000991821289,0.0,-17.639999389648438,nan,nan,nan,0.7299999594688416,2,0,0,True,"(11.460000991821289,)",(),id1,
2025/07/05/17:48:24.233796,19295,1751712504,233041422,,0.0,0.0,0.009999999776482582,nan,nan,nan,-0.009999999776482582,2,0,0,True,(),(),,
2025/07/05/17:48:24.295301,19296,1751712504,294245721,,11.464000701904297,0.0,-17.53999900817871,nan,nan,nan,0.7299999594688416,2,0,0,True,"(11.464000701904297,)",(),id1,
2025/07/05/17:48:24.334113,19297,1751712504,333307768,,0.0,0.0,0.009999999776482582,nan,nan,nan,-0.009999999776482582,2,0,0,True,(),(),,
2025/07/05/17:48:24.433590,19298,1751712504,433104703,,11.463000297546387,0.0,-17.3799991607666,nan,nan,nan,0.7299999594688416,2,0,0,True,"(11.463000297546387,)",(),id1,
2025/07/05/17:48:24.495039,19299,1751712504,494300575,,0.0,0.0,0.009999999776482582,nan,nan,nan,-0.009999999776482582,2,0,0,True,(),(),,
2025/07/05/17:48:24.574023,19300,1751712504,573382175,,11.462000846862793,0.0,-17.420000076293945,nan,nan,nan,0.7299999594688416,2,0,0,True,"(11.462000846862793,)",(),id1,
2025/07/05/17:48:24.634216,19301,1751712504,633199041,,0.0,0.0,0.009999999776482582,nan,nan,nan,-0.009999999776482582,2,0,0,True,(),(),,
2025/07/05/17:48:24.674014,19302,1751712504,673891096,,11.468000411987305,0.0,-17.25,nan,nan,nan,0.7299999594688416,2,0,0,True,"(11.468000411987305,)",(),id1,
2025/07/05/17:48:24.733967,19303,1751712504,732992325,,0.0,0.0,0.009999999776482582,nan,nan,nan,-0.009999999776482582,2,0,0,True,(),(),,
2025/07/05/17:48:24.794729,19304,1751712504,794212500,,11.4660005569458,0.0,-17.170000076293945,nan,nan,nan,0.7299999594688416,2,0,0,True,"(11.4660005569458,)",(),id1,
2025/07/05/17:48:24.833744,19305,1751712504,832966965,,0.0,0.0,0.009999999776482582,nan,nan,nan,-0.009999999776482582,2,0,0,True,(),(),,
2025/07/05/17:48:24.894903,19306,1751712504,894327897,,11.24000072479248,0.0,-17.3799991607666,nan,nan,nan,0.7299999594688416,2,0,0,True,"(11.24000072479248,)",(),id1,
2025/07/05/17:48:24.933697,19307,1751712504,932974002,,0.0,0.0,0.009999999776482582,nan,nan,nan,-0.009999999776482582,2,0,0,True,(),(),,
2025/07/05/17:48:24.995744,19308,1751712504,995111231,,11.254000663757324,0.0,-17.60999870300293,nan,nan,nan,0.7299999594688416,2,0,0,True,"(11.254000663757324,)",(),id1,
2025/07/05/17:48:25.033762,19309,1751712505,32997367,,0.0,0.0,0.009999999776482582,nan,nan,nan,-0.009999999776482582,2,0,0,True,(),(),,
2025/07/05/17:48:25.094314,19310,1751712505,93991339,,11.223000526428223,0.0,-17.399999618530273,nan,nan,nan,0.7299999594688416,2,0,0,True,"(11.223000526428223,)",(),id1,
2025/07/05/17:48:25.133690,19311,1751712505,133142855,,0.0,0.0,0.009999999776482582,nan,nan,nan,-0.009999999776482582,2,0,0,True,(),(),,
2025/07/05/17:48:25.194556,19312,1751712505,194128467,,11.342000961303711,0.0,-17.690000534057617,nan,nan,nan,0.7299999594688416,2,0,0,True,"(11.342000961303711,)",(),id1,
2025/07/05/17:48:25.233562,19313,1751712505,232847370,,0.0,0.0,0.009999999776482582,nan,nan,nan,-0.009999999776482582,2,0,0,True,(),(),,
2025/07/05/17:48:25.294708,19314,1751712505,294292628,,11.392000198364258,0.0,-17.959999084472656,nan,nan,nan,0.7299999594688416,2,0,0,True,"(11.392000198364258,)",(),id1,
2025/07/05/17:48:25.333996,19315,1751712505,333480521,,0.0,0.0,0.009999999776482582,nan,nan,nan,-0.009999999776482582,2,0,0,True,(),(),,
2025/07/05/17:48:25.395672,19316,1751712505,395095575,,11.351000785827637,0.0,-17.719999313354492,nan,nan,nan,0.7299999594688416,2,0,0,True,"(11.351000785827637,)",(),id1,
2025/07/05/17:48:25.454148,19317,1751712505,453249216,,0.0,0.0,0.009999999776482582,nan,nan,nan,-0.009999999776482582,2,0,0,True,(),(),,
2025/07/05/17:48:25.553937,19318,1751712505,553341229,,11.305000305175781,0.0,-16.43000030517578,nan,nan,nan,0.7299999594688416,2,0,0,True,"(11.305000305175781,)",(),id1,
2025/07/05/17:48:25.594885,19319,1751712505,594063597,,0.0,0.0,0.009999999776482582,nan,nan,nan,-0.009999999776482582,2,0,0,True,(),(),,
2025/07/05/17:48:25.636959,19320,1751712505,636205630,,11.349000930786133,0.0,-17.1299991607666,nan,nan,nan,0.7299999594688416,2,0,0,True,"(11.349000930786133,)",(),id1,
2025/07/05/17:48:25.674076,19321,1751712505,673481152,,0.0,0.0,0.009999999776482582,nan,nan,nan,-0.009999999776482582,2,0,0,True,(),(),,
2025/07/05/17:48:25.732490,19322,1751712505,732026912,,11.408000946044922,0.0,-16.869998931884766,nan,nan,nan,0.7299999594688416,2,0,0,True,"(11.408000946044922,)",(),id1,
2025/07/05/17:48:25.773673,19323,1751712505,773020704,,0.0,0.0,0.009999999776482582,nan,nan,nan,-0.009999999776482582,2,0,0,True,(),(),,
2025/07/05/17:48:25.814808,19324,1751712505,814278541,,11.440000534057617,0.0,-16.299999237060547,nan,nan,nan,0.7299999594688416,2,0,0,True,"(11.440000534057617,)",(),id1,
2025/07/05/17:48:25.853513,19325,1751712505,852991039,,0.0,0.0,0.009999999776482582,nan,nan,nan,-0.009999999776482582,2,0,0,True,(),(),,
2025/07/05/17:48:25.933603,19326,1751712505,933150128,,11.455000877380371,0.0,-16.510000228881836,nan,nan,nan,0.7299999594688416,2,0,0,True,"(11.455000877380371,)",(),id1,
2025/07/05/17:48:25.974269,19327,1751712505,973491253,,0.0,0.0,0.009999999776482582,nan,nan,nan,-0.009999999776482582,2,0,0,True,(),(),,
2025/07/05/17:48:26.016639,19328,1751712506,16176400,,11.41200065612793,0.0,-16.59000015258789,nan,nan,nan,0.7299999594688416,2,0,0,True,"(11.41200065612793,)",(),id1,
2025/07/05/17:48:26.053745,19329,1751712506,53177471,,0.0,0.0,0.009999999776482582,nan,nan,nan,-0.009999999776482582,2,0,0,True,(),(),,
2025/07/05/17:48:26.115168,19330,1751712506,114295577,,11.237000465393066,0.0,-16.59000015258789,nan,nan,nan,0.7299999594688416,2,0,0,True,"(11.237000465393066,)",(),id1,
2025/07/05/17:48:26.153655,19331,1751712506,152863456,,0.0,0.0,0.009999999776482582,nan,nan,nan,-0.009999999776482582,2,0,0,True,(),(),,
2025/07/05/17:48:26.195909,19332,1751712506,195229755,,11.237000465393066,0.0,-16.59000015258789,nan,nan,nan,0.7299999594688416,2,0,0,True,"(11.237000465393066,)",(),id1,
2025/07/05/17:48:26.233683,19333,1751712506,232789180,,0.0,0.0,0.009999999776482582,nan,nan,nan,-0.009999999776482582,2,0,0,True,(),(),,
2025/07/05/17:48:26.293558,19334,1751712506,293120546,,11.236000061035156,0.0,-16.399999618530273,nan,nan,nan,0.7299999594688416,2,0,0,True,"(11.236000061035156,)",(),id1,
2025/07/05/17:48:26.333578,19335,1751712506,332864823,,0.0,0.0,0.009999999776482582,nan,nan,nan,-0.009999999776482582,2,0,0,True,(),(),,
2025/07/05/17:48:26.415795,19336,1751712506,415351070,,11.425000190734863,0.0,-17.079999923706055,nan,nan,nan,0.7299999594688416,2,0,0,True,"(11.425000190734863,)",(),id1,
2025/07/05/17:48:26.473845,19337,1751712506,473351511,,0.0,0.0,0.009999999776482582,nan,nan,nan,-0.009999999776482582,2,0,0,True,(),(),,
2025/07/05/17:48:26.553647,19338,1751712506,553231800,,11.28600025177002,0.0,-17.15999984741211,nan,nan,nan,0.7299999594688416,2,0,0,True,"(11.28600025177002,)",(),id1,
2025/07/05/17:48:26.594567,19339,1751712506,594109352,,0.0,0.0,0.009999999776482582,nan,nan,nan,-0.009999999776482582,2,0,0,True,(),(),,
2025/07/05/17:48:26.636367,19340,1751712506,635976124,,11.288000106811523,0.0,-16.56999969482422,nan,nan,nan,0.7299999594688416,2,0,0,True,"(11.288000106811523,)",(),id1,
2025/07/05/17:48:26.674606,19341,1751712506,673742759,,0.0,0.0,0.009999999776482582,nan,nan,nan,-0.009999999776482582,2,0,0,True,(),(),,
2025/07/05/17:48:26.714944,19342,1751712506,714298338,,11.358000755310059,0.0,-16.81999969482422,nan,nan,nan,0.7299999594688416,2,0,0,True,"(11.358000755310059,)",(),id1,
2025/07/05/17:48:26.753639,19343,1751712506,752859241,,0.0,0.0,0.009999999776482582,nan,nan,nan,-0.009999999776482582,2,0,0,True,(),(),,
2025/07/05/17:48:26.814623,19344,1751712506,814196057,,11.351000785827637,0.0,-17.3799991607666,nan,nan,nan,0.7299999594688416,2,0,0,True,"(11.351000785827637,)",(),id1,
2025/07/05/17:48:26.854101,19345,1751712506,853010450,,0.0,0.0,0.009999999776482582,nan,nan,nan,-0.009999999776482582,2,0,0,True,(),(),,
2025/07/05/17:48:26.894866,19346,1751712506,894286923,,11.351000785827637,0.0,-17.3799991607666,nan,nan,nan,0.7299999594688416,2,0,0,True,"(11.351000785827637,)",(),id1,
2025/07/05/17:48:26.933631,19347,1751712506,932840400,,0.0,0.0,0.009999999776482582,nan,nan,nan,-0.009999999776482582,2,0,0,True,(),(),,
2025/07/05/17:48:26.995845,19348,1751712506,995210757,,11.41200065612793,0.0,-16.53999900817871,nan,nan,nan,0.7299999594688416,2,0,0,True,"(11.41200065612793,)",(),id1,
2025/07/05/17:48:27.037035,19349,1751712507,36344435,,0.0,0.0,0.009999999776482582,nan,nan,nan,-0.009999999776482582,2,0,0,True,(),(),,
2025/07/05/17:48:27.073903,19350,1751712507,73268999,,11.29800033569336,0.0,-16.119998931884766,nan,nan,nan,0.7299999594688416,2,0,0,True,"(11.29800033569336,)",(),id1,
2025/07/05/17:48:27.114081,19351,1751712507,113338855,,0.0,0.0,0.009999999776482582,nan,nan,nan,-0.009999999776482582,2,0,0,True,(),(),,
2025/07/05/17:48:27.173725,19352,1751712507,173204781,,11.369000434875488,0.0,-15.84999942779541,nan,nan,nan,0.7299999594688416,2,0,0,True,"(11.369000434875488,)",(),id1,
2025/07/05/17:48:27.215084,19353,1751712507,214145957,,0.0,0.0,0.009999999776482582,nan,nan,nan,-0.009999999776482582,2,0,0,True,(),(),,
2025/07/05/17:48:27.253706,19354,1751712507,253210410,,11.223000526428223,0.0,-15.84999942779541,nan,nan,nan,0.7299999594688416,2,0,0,True,"(11.223000526428223,)",(),id1,
2025/07/05/17:48:27.294459,19355,1751712507,294125278,,0.0,0.0,0.009999999776482582,nan,nan,nan,-0.009999999776482582,2,0,0,True,(),(),,
2025/07/05/17:48:27.353484,19356,1751712507,353113615,,11.320000648498535,0.0,-16.549999237060547,nan,nan,nan,0.7299999594688416,2,0,0,True,"(11.320000648498535,)",(),id1,
2025/07/05/17:48:27.436513,19357,1751712507,435897705,,0.0,0.0,0.009999999776482582,nan,nan,nan,-0.009999999776482582,2,0,0,True,(),(),,
2025/07/05/17:48:27.533696,19358,1751712507,533168183,,11.35200023651123,0.0,-16.059999465942383,nan,nan,nan,0.7299999594688416,2,0,0,True,"(11.35200023651123,)",(),id1,
2025/07/05/17:48:27.573929,19359,1751712507,573349574,,0.0,0.0,0.009999999776482582,nan,nan,nan,-0.009999999776482582,2,0,0,True,(),(),,
2025/07/05/17:48:27.614899,19360,1751712507,614301161,,11.304000854492188,0.0,-16.69999885559082,nan,nan,nan,0.7299999594688416,2,0,0,True,"(11.304000854492188,)",(),id1,
2025/07/05/17:48:27.653619,19361,1751712507,653012247,,0.0,0.0,0.009999999776482582,nan,nan,nan,-0.009999999776482582,2,0,0,True,(),(),,
2025/07/05/17:48:27.713696,19362,1751712507,713209172,,11.294000625610352,0.0,-16.270000457763672,nan,nan,nan,0.7299999594688416,2,0,0,True,"(11.294000625610352,)",(),id1,
2025/07/05/17:48:27.753978,19363,1751712507,753338654,,0.0,0.0,0.009999999776482582,nan,nan,nan,-0.009999999776482582,2,0,0,True,(),(),,
2025/07/05/17:48:27.795663,19364,1751712507,794985025,,11.294000625610352,0.0,-16.270000457763672,nan,nan,nan,0.7299999594688416,2,0,0,True,"(11.294000625610352,)",(),id1,
2025/07/05/17:48:27.854041,19365,1751712507,853261365,,0.0,0.0,0.009999999776482582,nan,nan,nan,-0.009999999776482582,2,0,0,True,(),(),,
2025/07/05/17:48:27.933614,19366,1751712507,933091216,,11.41100025177002,0.0,-16.969999313354492,nan,nan,nan,0.7299999594688416,2,0,0,True,"(11.41100025177002,)",(),id1,
2025/07/05/17:48:27.974082,19367,1751712507,973255076,,0.0,0.0,0.009999999776482582,nan,nan,nan,-0.009999999776482582,2,0,0,True,(),(),,
2025/07/05/17:48:28.036547,19368,1751712508,36015330,,11.420000076293945,0.0,-16.65999984741211,nan,nan,nan,0.7299999594688416,2,0,0,True,"(11.420000076293945,)",(),id1,
2025/07/05/17:48:28.074310,19369,1751712508,73571409,,0.0,0.0,0.009999999776482582,nan,nan,nan,-0.009999999776482582,2,0,0,True,(),(),,
2025/07/05/17:48:28.133587,19370,1751712508,133189836,,11.297000885009766,0.0,-16.139999389648438,nan,nan,nan,0.7299999594688416,2,0,0,True,"(11.297000885009766,)",(),id1,
2025/07/05/17:48:28.173945,19371,1751712508,173390542,,0.0,0.0,0.009999999776482582,nan,nan,nan,-0.009999999776482582,2,0,0,True,(),(),,
2025/07/05/17:48:28.221901,19372,1751712508,220968572,,11.31100082397461,0.0,-15.5,nan,nan,nan,0.7299999594688416,2,0,0,True,"(11.31100082397461,)",(),id1,
2025/07/05/17:48:28.254471,19373,1751712508,253766092,,0.0,0.0,0.009999999776482582,nan,nan,nan,-0.009999999776482582,2,0,0,True,(),(),,
2025/07/05/17:48:28.315917,19374,1751712508,315306476,,11.266000747680664,0.0,-16.270000457763672,nan,nan,nan,0.7299999594688416,2,0,0,True,"(11.266000747680664,)",(),id1,
2025/07/05/17:48:28.354170,19375,1751712508,353292087,,0.0,0.0,0.009999999776482582,nan,nan,nan,-0.009999999776482582,2,0,0,True,(),(),,
2025/07/05/17:48:28.453865,19376,1751712508,453245364,,11.31100082397461,0.0,-16.690000534057617,nan,nan,nan,0.7299999594688416,2,0,0,True,"(11.31100082397461,)",(),id1,
2025/07/05/17:48:28.533930,19377,1751712508,532583478,,0.0,0.0,0.009999999776482582,nan,nan,nan,-0.009999999776482582,2,0,0,True,(),(),,
2025/07/05/17:48:28.574913,19378,1751712508,574343274,,11.410000801086426,0.0,-16.469999313354492,nan,nan,nan,0.7299999594688416,2,0,0,True,"(11.410000801086426,)",(),id1,
2025/07/05/17:48:28.617757,19379,1751712508,616499549,,0.0,0.0,0.009999999776482582,nan,nan,nan,-0.009999999776482582,2,0,0,True,(),(),,
2025/07/05/17:48:28.675214,19380,1751712508,674856170,,11.267000198364258,0.0,-16.760000228881836,nan,nan,nan,0.7299999594688416,2,0,0,True,"(11.267000198364258,)",(),id1,
2025/07/05/17:48:28.716247,19381,1751712508,714130250,,0.0,0.0,0.009999999776482582,nan,nan,nan,-0.009999999776482582,2,0,0,True,(),(),,
2025/07/05/17:48:28.775372,19382,1751712508,773867526,,11.315000534057617,0.0,-16.329999923706055,nan,nan,nan,0.7299999594688416,2,0,0,True,"(11.315000534057617,)",(),id1,
2025/07/05/17:48:28.836520,19383,1751712508,835740143,,0.0,0.0,0.009999999776482582,nan,nan,nan,-0.009999999776482582,2,0,0,True,(),(),,
2025/07/05/17:48:28.915474,19384,1751712508,914376714,,11.351000785827637,0.0,-16.969999313354492,nan,nan,nan,0.7299999594688416,2,0,0,True,"(11.351000785827637,)",(),id1,
2025/07/05/17:48:28.954121,19385,1751712508,953378116,,0.0,0.0,0.009999999776482582,nan,nan,nan,-0.009999999776482582,2,0,0,True,(),(),,
2025/07/05/17:48:28.995427,19386,1751712508,995311503,,11.351000785827637,0.0,-16.969999313354492,nan,nan,nan,0.7299999594688416,2,0,0,True,"(11.351000785827637,)",(),id1,
2025/07/05/17:48:29.053900,19387,1751712509,53245350,,0.0,0.0,0.009999999776482582,nan,nan,nan,-0.009999999776482582,2,0,0,True,(),(),,
2025/07/05/17:48:29.117656,19388,1751712509,114903624,,11.347000122070312,0.0,-16.369998931884766,nan,nan,nan,0.7299999594688416,2,0,0,True,"(11.347000122070312,)",(),id1,
2025/07/05/17:48:29.153815,19389,1751712509,152838676,,0.0,0.0,0.009999999776482582,nan,nan,nan,-0.009999999776482582,2,0,0,True,(),(),,
2025/07/05/17:48:29.217381,19390,1751712509,216316605,,11.316000938415527,0.0,-15.5,nan,nan,nan,0.7299999594688416,2,0,0,True,"(11.316000938415527,)",(),id1,
2025/07/05/17:48:29.254063,19391,1751712509,253331606,,0.0,0.0,0.009999999776482582,nan,nan,nan,-0.009999999776482582,2,0,0,True,(),(),,
2025/07/05/17:48:29.316494,19392,1751712509,314608274,,11.26400089263916,0.0,-16.03999900817871,nan,nan,nan,0.7299999594688416,2,0,0,True,"(11.26400089263916,)",(),id1,
2025/07/05/17:48:29.354207,19393,1751712509,353548519,,0.0,0.0,0.009999999776482582,nan,nan,nan,-0.009999999776482582,2,0,0,True,(),(),,
2025/07/05/17:48:29.513636,19394,1751712509,513164293,,11.393000602722168,0.0,-17.40999984741211,nan,nan,nan,0.7299999594688416,2,0,0,True,"(11.393000602722168,)",(),id1,
2025/07/05/17:48:29.553995,19395,1751712509,553673063,,0.0,0.0,0.009999999776482582,nan,nan,nan,-0.009999999776482582,2,0,0,True,(),(),,
2025/07/05/17:48:29.595063,19396,1751712509,594880363,,11.393000602722168,0.0,-17.40999984741211,nan,nan,nan,0.7299999594688416,2,0,0,True,"(11.393000602722168,)",(),id1,
2025/07/05/17:48:29.635850,19397,1751712509,635434351,,0.0,0.0,0.009999999776482582,nan,nan,nan,-0.009999999776482582,2,0,0,True,(),(),,
2025/07/05/17:48:29.675104,19398,1751712509,674425108,,11.339000701904297,0.0,-17.239999771118164,nan,nan,nan,0.7299999594688416,2,0,0,True,"(11.339000701904297,)",(),id1,
2025/07/05/17:48:29.733533,19399,1751712509,732791170,,0.0,0.0,0.009999999776482582,nan,nan,nan,-0.009999999776482582,2,0,0,True,(),(),,
2025/07/05/17:48:29.794119,19400,1751712509,793951222,,11.26200008392334,0.0,-16.15999984741211,nan,nan,nan,0.7299999594688416,2,0,0,True,"(11.26200008392334,)",(),id1,
2025/07/05/17:48:29.836781,19401,1751712509,836010797,,0.0,0.0,0.009999999776482582,nan,nan,nan,-0.009999999776482582,2,0,0,True,(),(),,
2025/07/05/17:48:29.875325,19402,1751712509,874867079,,11.363000869750977,0.0,-15.819999694824219,nan,nan,nan,0.7299999594688416,2,0,0,True,"(11.363000869750977,)",(),id1,
2025/07/05/17:48:29.914887,19403,1751712509,914123344,,0.0,0.0,0.009999999776482582,nan,nan,nan,-0.009999999776482582,2,0,0,True,(),(),,
2025/07/05/17:48:29.975556,19404,1751712509,974086015,,11.24000072479248,0.0,-16.119998931884766,nan,nan,nan,0.7299999594688416,2,0,0,True,"(11.24000072479248,)",(),id1,
2025/07/05/17:48:30.014278,19405,1751712510,13730122,,0.0,0.0,0.009999999776482582,nan,nan,nan,-0.009999999776482582,2,0,0,True,(),(),,
2025/07/05/17:48:30.053746,19406,1751712510,53187658,,11.351000785827637,0.0,-16.81999969482422,nan,nan,nan,0.7299999594688416,2,0,0,True,"(11.351000785827637,)",(),id1,
2025/07/05/17:48:30.094709,19407,1751712510,94173385,,0.0,0.0,0.009999999776482582,nan,nan,nan,-0.009999999776482582,2,0,0,True,(),(),,
2025/07/05/17:48:30.133681,19408,1751712510,133195613,,11.408000946044922,0.0,-16.510000228881836,nan,nan,nan,0.7299999594688416,2,0,0,True,"(11.408000946044922,)",(),id1,
2025/07/05/17:48:30.173911,19409,1751712510,173303726,,0.0,0.0,0.009999999776482582,nan,nan,nan,-0.009999999776482582,2,0,0,True,(),(),,
2025/07/05/17:48:30.218389,19410,1751712510,217589104,,11.288000106811523,0.0,-16.469999313354492,nan,nan,nan,0.7299999594688416,2,0,0,True,"(11.288000106811523,)",(),id1,
2025/07/05/17:48:30.254864,19411,1751712510,254000719,,0.0,0.0,0.009999999776482582,nan,nan,nan,-0.009999999776482582,2,0,0,True,(),(),,
2025/07/05/17:48:30.316423,19412,1751712510,314767541,,11.260000228881836,0.0,-16.8799991607666,nan,nan,nan,0.7299999594688416,2,0,0,True,"(11.260000228881836,)",(),id1,
2025/07/05/17:48:30.353396,19413,1751712510,352858857,,0.0,0.0,0.009999999776482582,nan,nan,nan,-0.009999999776482582,2,0,0,True,(),(),,
2025/07/05/17:48:30.436966,19414,1751712510,436180518,,11.237000465393066,0.0,-16.25,nan,nan,nan,0.7299999594688416,2,0,0,True,"(11.237000465393066,)",(),id1,
2025/07/05/17:48:30.533796,19415,1751712510,532860052,,0.0,0.0,0.009999999776482582,nan,nan,nan,-0.009999999776482582,2,0,0,True,(),(),,
2025/07/05/17:48:30.594618,19416,1751712510,594156846,,11.272000312805176,0.0,-16.78999900817871,nan,nan,nan,0.7299999594688416,2,0,0,True,"(11.272000312805176,)",(),id1,
2025/07/05/17:48:30.635886,19417,1751712510,635551068,,0.0,0.0,0.009999999776482582,nan,nan,nan,-0.009999999776482582,2,0,0,True,(),(),,
2025/07/05/17:48:30.675230,19418,1751712510,674661935,,11.414000511169434,0.0,-16.68000030517578,nan,nan,nan,0.7299999594688416,2,0,0,True,"(11.414000511169434,)",(),id1,
2025/07/05/17:48:30.714929,19419,1751712510,714423104,,0.0,0.0,0.009999999776482582,nan,nan,nan,-0.009999999776482582,2,0,0,True,(),(),,
2025/07/05/17:48:30.774752,19420,1751712510,773875532,,11.350000381469727,0.0,-16.8799991607666,nan,nan,nan,0.7299999594688416,2,0,0,True,"(11.350000381469727,)",(),id1,
2025/07/05/17:48:30.817298,19421,1751712510,816596158,,0.0,0.0,0.009999999776482582,nan,nan,nan,-0.009999999776482582,2,0,0,True,(),(),,
2025/07/05/17:48:30.853842,19422,1751712510,853255838,,11.315000534057617,0.0,-16.309999465942383,nan,nan,nan,0.7299999594688416,2,0,0,True,"(11.315000534057617,)",(),id1,
2025/07/05/17:48:30.895230,19423,1751712510,894423668,,0.0,0.0,0.009999999776482582,nan,nan,nan,-0.009999999776482582,2,0,0,True,(),(),,
2025/07/05/17:48:30.954144,19424,1751712510,953343499,,11.26300048828125,0.0,-15.859999656677246,nan,nan,nan,0.7299999594688416,2,0,0,True,"(11.26300048828125,)",(),id1,
2025/07/05/17:48:30.995608,19425,1751712510,994894810,,0.0,0.0,0.009999999776482582,nan,nan,nan,-0.009999999776482582,2,0,0,True,(),(),,
2025/07/05/17:48:31.033730,19426,1751712511,33311820,,11.3410005569458,0.0,-16.85999870300293,nan,nan,nan,0.7299999594688416,2,0,0,True,"(11.3410005569458,)",(),id1,
2025/07/05/17:48:31.074291,19427,1751712511,73614985,,0.0,0.0,0.009999999776482582,nan,nan,nan,-0.009999999776482582,2,0,0,True,(),(),,
2025/07/05/17:48:31.117056,19428,1751712511,114330583,,11.373000144958496,0.0,-16.770000457763672,nan,nan,nan,0.7299999594688416,2,0,0,True,"(11.373000144958496,)",(),id1,
2025/07/05/17:48:31.174101,19429,1751712511,173307664,,0.0,0.0,0.009999999776482582,nan,nan,nan,-0.009999999776482582,2,0,0,True,(),(),,
2025/07/05/17:48:31.218779,19430,1751712511,217402468,,11.410000801086426,0.0,-16.719999313354492,nan,nan,nan,0.7299999594688416,2,0,0,True,"(11.410000801086426,)",(),id1,
2025/07/05/17:48:31.254492,19431,1751712511,253964815,,0.0,0.0,0.009999999776482582,nan,nan,nan,-0.009999999776482582,2,0,0,True,(),(),,
2025/07/05/17:48:31.315974,19432,1751712511,314644767,,11.426000595092773,0.0,-16.60999870300293,nan,nan,nan,0.7299999594688416,2,0,0,True,"(11.426000595092773,)",(),id1,
2025/07/05/17:48:31.354240,19433,1751712511,353418535,,0.0,0.0,0.009999999776482582,nan,nan,nan,-0.009999999776482582,2,0,0,True,(),(),,
2025/07/05/17:48:31.454107,19434,1751712511,453387613,,11.42400074005127,0.0,-16.43000030517578,nan,nan,nan,0.7299999594688416,2,0,0,True,"(11.42400074005127,)",(),id1,
2025/07/05/17:48:31.553638,19435,1751712511,552771226,,0.0,0.0,0.009999999776482582,nan,nan,nan,-0.009999999776482582,2,0,0,True,(),(),,
2025/07/05/17:48:31.595940,19436,1751712511,595207622,,11.451000213623047,0.0,-16.329999923706055,nan,nan,nan,0.7299999594688416,2,0,0,True,"(11.451000213623047,)",(),id1,
2025/07/05/17:48:31.654060,19437,1751712511,653366345,,0.0,0.0,0.009999999776482582,nan,nan,nan,-0.009999999776482582,2,0,0,True,(),(),,
2025/07/05/17:48:31.694808,19438,1751712511,693902912,,11.430000305175781,0.0,-16.94999885559082,nan,nan,nan,0.7299999594688416,2,0,0,True,"(11.430000305175781,)",(),id1,
2025/07/05/17:48:31.753624,19439,1751712511,752679054,,0.0,0.0,0.009999999776482582,nan,nan,nan,-0.009999999776482582,2,0,0,True,(),(),,
2025/07/05/17:48:31.817291,19440,1751712511,816276568,,11.413000106811523,0.0,-17.219999313354492,nan,nan,nan,0.7299999594688416,2,0,0,True,"(11.413000106811523,)",(),id1,
2025/07/05/17:48:31.853461,19441,1751712511,852848452,,0.0,0.0,0.009999999776482582,nan,nan,nan,-0.009999999776482582,2,0,0,True,(),(),,
2025/07/05/17:48:31.933429,19442,1751712511,933113235,,11.419000625610352,0.0,-16.65999984741211,nan,nan,nan,0.7299999594688416,2,0,0,True,"(11.419000625610352,)",(),id1,
2025/07/05/17:48:31.973862,19443,1751712511,973230974,,0.0,0.0,0.009999999776482582,nan,nan,nan,-0.009999999776482582,2,0,0,True,(),(),,
2025/07/05/17:48:32.017768,19444,1751712512,16553930,,11.433000564575195,0.0,-16.020000457763672,nan,nan,nan,0.7299999594688416,2,0,0,True,"(11.433000564575195,)",(),id1,
2025/07/05/17:48:32.054370,19445,1751712512,53488825,,0.0,0.0,0.009999999776482582,nan,nan,nan,-0.009999999776482582,2,0,0,True,(),(),,
2025/07/05/17:48:32.113486,19446,1751712512,113063390,,11.454000473022461,0.0,-15.969999313354492,nan,nan,nan,0.7299999594688416,2,0,0,True,"(11.454000473022461,)",(),id1,
2025/07/05/17:48:32.153924,19447,1751712512,152967443,,0.0,0.0,0.009999999776482582,nan,nan,nan,-0.009999999776482582,2,0,0,True,(),(),,
2025/07/05/17:48:32.195949,19448,1751712512,195233043,,11.454000473022461,0.0,-15.969999313354492,nan,nan,nan,0.7299999594688416,2,0,0,True,"(11.454000473022461,)",(),id1,
2025/07/05/17:48:32.233218,19449,1751712512,232671442,,0.0,0.0,0.009999999776482582,nan,nan,nan,-0.009999999776482582,2,0,0,True,(),(),,
2025/07/05/17:48:32.294999,19450,1751712512,294555640,,11.468000411987305,0.0,-14.679999351501465,nan,nan,nan,0.7299999594688416,2,0,0,True,"(11.468000411987305,)",(),id1,
2025/07/05/17:48:32.333328,19451,1751712512,333097041,,0.0,0.0,0.009999999776482582,nan,nan,nan,-0.009999999776482582,2,0,0,True,(),(),,
2025/07/05/17:48:32.473763,19452,1751712512,473353041,,11.43600082397461,0.0,-16.34000015258789,nan,nan,nan,0.7299999594688416,2,0,0,True,"(11.43600082397461,)",(),id1,
2025/07/05/17:48:32.514338,19453,1751712512,513525410,,0.0,0.0,0.009999999776482582,nan,nan,nan,-0.009999999776482582,2,0,0,True,(),(),,
2025/07/05/17:48:32.575053,19454,1751712512,573927453,,11.452000617980957,0.0,-16.0,nan,nan,nan,0.7299999594688416,2,0,0,True,"(11.452000617980957,)",(),id1,
2025/07/05/17:48:32.617267,19455,1751712512,616229171,,0.0,0.0,0.009999999776482582,nan,nan,nan,-0.009999999776482582,2,0,0,True,(),(),,
2025/07/05/17:48:32.653902,19456,1751712512,653232885,,11.459000587463379,0.0,-16.299999237060547,nan,nan,nan,0.7299999594688416,2,0,0,True,"(11.459000587463379,)",(),id1,
2025/07/05/17:48:32.695390,19457,1751712512,694138950,,0.0,0.0,0.009999999776482582,nan,nan,nan,-0.009999999776482582,2,0,0,True,(),(),,
2025/07/05/17:48:32.733729,19458,1751712512,733141789,,11.433000564575195,0.0,-17.5,nan,nan,nan,0.7299999594688416,2,0,0,True,"(11.433000564575195,)",(),id1,
2025/07/05/17:48:32.795598,19459,1751712512,794790402,,0.0,0.0,0.009999999776482582,nan,nan,nan,-0.009999999776482582,2,0,0,True,(),(),,
2025/07/05/17:48:32.832632,19460,1751712512,832187063,,11.386000633239746,0.0,-17.670000076293945,nan,nan,nan,0.7199999690055847,2,0,0,True,"(11.386000633239746,)",(),id1,
2025/07/05/17:48:32.873778,19461,1751712512,873106556,,0.0,0.0,0.009999999776482582,nan,nan,nan,-0.009999999776482582,2,0,0,True,(),(),,
2025/07/05/17:48:32.933882,19462,1751712512,933385167,,11.380000114440918,0.0,-17.10999870300293,nan,nan,nan,0.7199999690055847,2,0,0,True,"(11.380000114440918,)",(),id1,
2025/07/05/17:48:32.973745,19463,1751712512,972969380,,0.0,0.0,0.009999999776482582,nan,nan,nan,-0.009999999776482582,2,0,0,True,(),(),,
2025/07/05/17:48:33.018500,19464,1751712513,17737990,,11.42300033569336,0.0,-17.489999771118164,nan,nan,nan,0.7199999690055847,2,0,0,True,"(11.42300033569336,)",(),id1,
2025/07/05/17:48:33.055543,19465,1751712513,52977878,,0.0,0.0,0.009999999776482582,nan,nan,nan,-0.009999999776482582,2,0,0,True,(),(),,
2025/07/05/17:48:33.114333,19466,1751712513,113053567,,11.437000274658203,0.0,-16.75,nan,nan,nan,0.7199999690055847,2,0,0,True,"(11.437000274658203,)",(),id1,
2025/07/05/17:48:33.154166,19467,1751712513,153299593,,0.0,0.0,0.009999999776482582,nan,nan,nan,-0.009999999776482582,2,0,0,True,(),(),,
2025/07/05/17:48:33.217270,19468,1751712513,216216189,,11.437000274658203,0.0,-17.10999870300293,nan,nan,nan,0.7199999690055847,2,0,0,True,"(11.437000274658203,)",(),id1,
2025/07/05/17:48:33.254097,19469,1751712513,253538302,,0.0,0.0,0.009999999776482582,nan,nan,nan,-0.009999999776482582,2,0,0,True,(),(),,
2025/07/05/17:48:33.314585,19470,1751712513,313408440,,11.44800090789795,0.0,-16.75,nan,nan,nan,0.7199999690055847,2,0,0,True,"(11.44800090789795,)",(),id1,
2025/07/05/17:48:33.353756,19471,1751712513,352839808,,0.0,0.0,0.009999999776482582,nan,nan,nan,-0.009999999776482582,2,0,0,True,(),(),,
2025/07/05/17:48:33.494598,19472,1751712513,494325722,,11.427000999450684,0.0,-17.059999465942383,nan,nan,nan,0.7199999690055847,2,0,0,True,"(11.427000999450684,)",(),id1,
2025/07/05/17:48:33.533429,19473,1751712513,532748978,,0.0,0.0,0.009999999776482582,nan,nan,nan,-0.009999999776482582,2,0,0,True,(),(),,
2025/07/05/17:48:33.593445,19474,1751712513,593199684,,11.426000595092773,0.0,-17.299999237060547,nan,nan,nan,0.7199999690055847,2,0,0,True,"(11.426000595092773,)",(),id1,
2025/07/05/17:48:33.635643,19475,1751712513,635473273,,0.0,0.0,0.009999999776482582,nan,nan,nan,-0.009999999776482582,2,0,0,True,(),(),,
2025/07/05/17:48:33.674944,19476,1751712513,674411816,,11.426000595092773,0.0,-17.35999870300293,nan,nan,nan,0.7199999690055847,2,0,0,True,"(11.426000595092773,)",(),id1,
2025/07/05/17:48:33.734143,19477,1751712513,733323042,,0.0,0.0,0.009999999776482582,nan,nan,nan,-0.009999999776482582,2,0,0,True,(),(),,
2025/07/05/17:48:33.794837,19478,1751712513,794367069,,11.42400074005127,0.0,-17.309999465942383,nan,nan,nan,0.7199999690055847,2,0,0,True,"(11.42400074005127,)",(),id1,
2025/07/05/17:48:33.833561,19479,1751712513,832837705,,0.0,0.0,0.009999999776482582,nan,nan,nan,-0.009999999776482582,2,0,0,True,(),(),,
2025/07/05/17:48:33.914798,19480,1751712513,914188420,,11.382000923156738,0.0,-17.209999084472656,nan,nan,nan,0.7199999690055847,2,0,0,True,"(11.382000923156738,)",(),id1,
2025/07/05/17:48:33.953847,19481,1751712513,952644200,,0.0,0.0,0.009999999776482582,nan,nan,nan,-0.009999999776482582,2,0,0,True,(),(),,
2025/07/05/17:48:34.017833,19482,1751712514,14835634,,11.437000274658203,0.0,-17.010000228881836,nan,nan,nan,0.7199999690055847,2,0,0,True,"(11.437000274658203,)",(),id1,
2025/07/05/17:48:34.053527,19483,1751712514,52731153,,0.0,0.0,0.009999999776482582,nan,nan,nan,-0.009999999776482582,2,0,0,True,(),(),,
2025/07/05/17:48:34.113662,19484,1751712514,113095078,,11.416000366210938,0.0,-17.579999923706055,nan,nan,nan,0.7199999690055847,2,0,0,True,"(11.416000366210938,)",(),id1,
2025/07/05/17:48:34.153944,19485,1751712514,153316290,,0.0,0.0,0.009999999776482582,nan,nan,nan,-0.009999999776482582,2,0,0,True,(),(),,
2025/07/05/17:48:34.215913,19486,1751712514,214451429,,11.429000854492188,0.0,-17.549999237060547,nan,nan,nan,0.7199999690055847,2,0,0,True,"(11.429000854492188,)",(),id1,
2025/07/05/17:48:34.253521,19487,1751712514,252857355,,0.0,0.0,0.009999999776482582,nan,nan,nan,-0.009999999776482582,2,0,0,True,(),(),,
2025/07/05/17:48:34.313644,19488,1751712514,313131758,,11.422000885009766,0.0,-17.10999870300293,nan,nan,nan,0.7199999690055847,2,0,0,True,"(11.422000885009766,)",(),id1,
2025/07/05/17:48:34.354125,19489,1751712514,353337709,,0.0,0.0,0.009999999776482582,nan,nan,nan,-0.009999999776482582,2,0,0,True,(),(),,
2025/07/05/17:48:34.513738,19490,1751712514,513244860,,11.428000450134277,0.0,-17.60999870300293,nan,nan,nan,0.7199999690055847,2,0,0,True,"(11.428000450134277,)",(),id1,
2025/07/05/17:48:34.554127,19491,1751712514,553402367,,0.0,0.0,0.009999999776482582,nan,nan,nan,-0.009999999776482582,2,0,0,True,(),(),,
2025/07/05/17:48:34.615942,19492,1751712514,614777342,,11.429000854492188,0.0,-17.369998931884766,nan,nan,nan,0.7199999690055847,2,0,0,True,"(11.429000854492188,)",(),id1,
2025/07/05/17:48:34.653663,19493,1751712514,652742003,,0.0,0.0,0.009999999776482582,nan,nan,nan,-0.009999999776482582,2,0,0,True,(),(),,
2025/07/05/17:48:34.695076,19494,1751712514,694391134,,11.429000854492188,0.0,-17.369998931884766,nan,nan,nan,0.7199999690055847,2,0,0,True,"(11.429000854492188,)",(),id1,
2025/07/05/17:48:34.753555,19495,1751712514,752721338,,0.0,0.0,0.009999999776482582,nan,nan,nan,-0.009999999776482582,2,0,0,True,(),(),,
2025/07/05/17:48:34.795067,19496,1751712514,794385816,,11.426000595092773,0.0,-17.309999465942383,nan,nan,nan,0.7199999690055847,2,0,0,True,"(11.426000595092773,)",(),id1,
2025/07/05/17:48:34.832955,19497,1751712514,832562651,,0.0,0.0,0.009999999776482582,nan,nan,nan,-0.009999999776482582,2,0,0,True,(),(),,
2025/07/05/17:48:34.914626,19498,1751712514,914175285,,11.419000625610352,0.0,-17.399999618530273,nan,nan,nan,0.7199999690055847,2,0,0,True,"(11.419000625610352,)",(),id1,
2025/07/05/17:48:34.954091,19499,1751712514,953338364,,0.0,0.0,0.009999999776482582,nan,nan,nan,-0.009999999776482582,2,0,0,True,(),(),,
2025/07/05/17:48:35.016523,19500,1751712515,16145956,,11.369000434875488,0.0,-17.260000228881836,nan,nan,nan,0.7199999690055847,2,0,0,True,"(11.369000434875488,)",(),id1,
2025/07/05/17:48:35.053636,19501,1751712515,52609109,,0.0,0.0,0.009999999776482582,nan,nan,nan,-0.009999999776482582,2,0,0,True,(),(),,
2025/07/05/17:48:35.113793,19502,1751712515,113035801,,11.219000816345215,0.0,-17.279998779296875,nan,nan,nan,0.7199999690055847,2,0,0,True,"(11.219000816345215,)",(),id1,
2025/07/05/17:48:35.153640,19503,1751712515,152591120,,0.0,0.0,0.009999999776482582,nan,nan,nan,-0.009999999776482582,2,0,0,True,(),(),,
2025/07/05/17:48:35.215700,19504,1751712515,214372375,,11.359000205993652,0.0,-17.489999771118164,nan,nan,nan,0.7199999690055847,2,0,0,True,"(11.359000205993652,)",(),id1,
2025/07/05/17:48:35.253375,19505,1751712515,252569047,,0.0,0.0,0.009999999776482582,nan,nan,nan,-0.009999999776482582,2,0,0,True,(),(),,
2025/07/05/17:48:35.313688,19506,1751712515,313104856,,11.417000770568848,0.0,-17.520000457763672,nan,nan,nan,0.7199999690055847,2,0,0,True,"(11.417000770568848,)",(),id1,
2025/07/05/17:48:35.353396,19507,1751712515,352488835,,0.0,0.0,0.009999999776482582,nan,nan,nan,-0.009999999776482582,2,0,0,True,(),(),,
2025/07/05/17:48:35.474105,19508,1751712515,473441797,,11.372000694274902,0.0,-17.559999465942383,nan,nan,nan,0.7199999690055847,2,0,0,True,"(11.372000694274902,)",(),id1,
2025/07/05/17:48:35.553963,19509,1751712515,553524201,,0.0,0.0,0.009999999776482582,nan,nan,nan,-0.009999999776482582,2,0,0,True,(),(),,
2025/07/05/17:48:35.613643,19510,1751712515,613063442,,11.408000946044922,0.0,-17.639999389648438,nan,nan,nan,0.7199999690055847,2,0,0,True,"(11.408000946044922,)",(),id1,
2025/07/05/17:48:35.653755,19511,1751712515,652676818,,0.0,0.0,0.009999999776482582,nan,nan,nan,-0.009999999776482582,2,0,0,True,(),(),,
2025/07/05/17:48:35.714453,19512,1751712515,713488887,,11.288000106811523,0.0,-17.219999313354492,nan,nan,nan,0.7199999690055847,2,0,0,True,"(11.288000106811523,)",(),id1,
2025/07/05/17:48:35.753284,19513,1751712515,752666032,,0.0,0.0,0.009999999776482582,nan,nan,nan,-0.009999999776482582,2,0,0,True,(),(),,
2025/07/05/17:48:35.816740,19514,1751712515,814661666,,11.31100082397461,0.0,-17.35999870300293,nan,nan,nan,0.7199999690055847,2,0,0,True,"(11.31100082397461,)",(),id1,
2025/07/05/17:48:35.853184,19515,1751712515,852575180,,0.0,0.0,0.009999999776482582,nan,nan,nan,-0.009999999776482582,2,0,0,True,(),(),,
2025/07/05/17:48:35.933339,19516,1751712515,933046021,,11.307000160217285,0.0,-17.19999885559082,nan,nan,nan,0.7199999690055847,2,0,0,True,"(11.307000160217285,)",(),id1,
2025/07/05/17:48:35.973673,19517,1751712515,972759055,,0.0,0.0,0.009999999776482582,nan,nan,nan,-0.009999999776482582,2,0,0,True,(),(),,
2025/07/05/17:48:36.035863,19518,1751712516,35258594,,11.372000694274902,0.0,-17.350000381469727,nan,nan,nan,0.7199999690055847,2,0,0,True,"(11.372000694274902,)",(),id1,
2025/07/05/17:48:36.094377,19519,1751712516,93746790,,0.0,0.0,0.009999999776482582,nan,nan,nan,-0.009999999776482582,2,0,0,True,(),(),,
2025/07/05/17:48:36.154604,19520,1751712516,153562587,,11.414000511169434,0.0,-17.619998931884766,nan,nan,nan,0.7199999690055847,2,0,0,True,"(11.414000511169434,)",(),id1,
2025/07/05/17:48:36.194623,19521,1751712516,193845672,,0.0,0.0,0.009999999776482582,nan,nan,nan,-0.009999999776482582,2,0,0,True,(),(),,
2025/07/05/17:48:36.235646,19522,1751712516,235115381,,11.407000541687012,0.0,-17.399999618530273,nan,nan,nan,0.7199999690055847,2,0,0,True,"(11.407000541687012,)",(),id1,
2025/07/05/17:48:36.273720,19523,1751712516,273299613,,0.0,0.0,0.009999999776482582,nan,nan,nan,-0.009999999776482582,2,0,0,True,(),(),,
2025/07/05/17:48:36.332560,19524,1751712516,332095662,,11.338000297546387,0.0,-17.529998779296875,nan,nan,nan,0.7199999690055847,2,0,0,True,"(11.338000297546387,)",(),id1,
2025/07/05/17:48:36.373395,19525,1751712516,372658671,,0.0,0.0,0.009999999776482582,nan,nan,nan,-0.009999999776482582,2,0,0,True,(),(),,
2025/07/05/17:48:36.495175,19526,1751712516,494367705,,11.283000946044922,0.0,-17.40999984741211,nan,nan,nan,0.7199999690055847,2,0,0,True,"(11.283000946044922,)",(),id1,
2025/07/05/17:48:36.573118,19527,1751712516,572597919,,0.0,0.0,0.009999999776482582,nan,nan,nan,-0.009999999776482582,2,0,0,True,(),(),,
2025/07/05/17:48:36.615057,19528,1751712516,614212838,,11.19800090789795,0.0,-17.34000015258789,nan,nan,nan,0.7199999690055847,2,0,0,True,"(11.19800090789795,)",(),id1,
2025/07/05/17:48:36.654471,19529,1751712516,652727806,,0.0,0.0,0.009999999776482582,nan,nan,nan,-0.009999999776482582,2,0,0,True,(),(),,
2025/07/05/17:48:36.694621,19530,1751712516,694238160,,11.19800090789795,0.0,-17.34000015258789,nan,nan,nan,0.7199999690055847,2,0,0,True,"(11.19800090789795,)",(),id1,
2025/07/05/17:48:36.754014,19531,1751712516,753386510,,0.0,0.0,0.009999999776482582,nan,nan,nan,-0.009999999776482582,2,0,0,True,(),(),,
2025/07/05/17:48:36.817098,19532,1751712516,816702601,,11.38700008392334,0.0,-17.299999237060547,nan,nan,nan,0.7199999690055847,2,0,0,True,"(11.38700008392334,)",(),id1,
2025/07/05/17:48:36.853810,19533,1751712516,852629262,,0.0,0.0,0.009999999776482582,nan,nan,nan,-0.009999999776482582,2,0,0,True,(),(),,
2025/07/05/17:48:36.914906,19534,1751712516,914390620,,11.361001014709473,0.0,-17.40999984741211,nan,nan,nan,0.7199999690055847,2,0,0,True,"(11.361001014709473,)",(),id1,
2025/07/05/17:48:36.974072,19535,1751712516,973326768,,0.0,0.0,0.009999999776482582,nan,nan,nan,-0.009999999776482582,2,0,0,True,(),(),,
2025/07/05/17:48:37.016399,19536,1751712517,14213961,,11.2160005569458,0.0,-16.779998779296875,nan,nan,nan,0.7199999690055847,2,0,0,True,"(11.2160005569458,)",(),id1,
2025/07/05/17:48:37.074067,19537,1751712517,73616587,,0.0,0.0,0.009999999776482582,nan,nan,nan,-0.009999999776482582,2,0,0,True,(),(),,
2025/07/05/17:48:37.132442,19538,1751712517,131995585,,11.270000457763672,0.0,-16.31999969482422,nan,nan,nan,0.7199999690055847,2,0,0,True,"(11.270000457763672,)",(),id1,
2025/07/05/17:48:37.173812,19539,1751712517,173279379,,0.0,0.0,0.009999999776482582,nan,nan,nan,-0.009999999776482582,2,0,0,True,(),(),,
2025/07/05/17:48:37.215084,19540,1751712517,214263302,,11.368000984191895,0.0,-15.929999351501465,nan,nan,nan,0.7199999690055847,2,0,0,True,"(11.368000984191895,)",(),id1,
2025/07/05/17:48:37.255273,19541,1751712517,252579986,,0.0,0.0,0.009999999776482582,nan,nan,nan,-0.009999999776482582,2,0,0,True,(),(),,
2025/07/05/17:48:37.294759,19542,1751712517,294390060,,11.368000984191895,0.0,-15.929999351501465,nan,nan,nan,0.7199999690055847,2,0,0,True,"(11.368000984191895,)",(),id1,
2025/07/05/17:48:37.353250,19543,1751712517,352584865,,0.0,0.0,0.009999999776482582,nan,nan,nan,-0.009999999776482582,2,0,0,True,(),(),,
2025/07/05/17:48:37.494717,19544,1751712517,494304561,,11.418000221252441,0.0,-16.149999618530273,nan,nan,nan,0.7199999690055847,2,0,0,True,"(11.418000221252441,)",(),id1,
2025/07/05/17:48:37.533541,19545,1751712517,532617700,,0.0,0.0,0.009999999776482582,nan,nan,nan,-0.009999999776482582,2,0,0,True,(),(),,
2025/07/05/17:48:37.594879,19546,1751712517,594228353,,11.415000915527344,0.0,-16.489999771118164,nan,nan,nan,0.7199999690055847,2,0,0,True,"(11.415000915527344,)",(),id1,
2025/07/05/17:48:37.636284,19547,1751712517,635462650,,0.0,0.0,0.009999999776482582,nan,nan,nan,-0.009999999776482582,2,0,0,True,(),(),,
2025/07/05/17:48:37.694000,19548,1751712517,693153527,,11.434000968933105,0.0,-16.18000030517578,nan,nan,nan,0.7199999690055847,2,0,0,True,"(11.434000968933105,)",(),id1,
2025/07/05/17:48:37.732771,19549,1751712517,732462848,,0.0,0.0,0.009999999776482582,nan,nan,nan,-0.009999999776482582,2,0,0,True,(),(),,
2025/07/05/17:48:37.794574,19550,1751712517,794262449,,11.427000999450684,0.0,-16.639999389648438,nan,nan,nan,0.7199999690055847,2,0,0,True,"(11.427000999450684,)",(),id1,
2025/07/05/17:48:37.836008,19551,1751712517,835413944,,0.0,0.0,0.009999999776482582,nan,nan,nan,-0.009999999776482582,2,0,0,True,(),(),,
2025/07/05/17:48:37.875584,19552,1751712517,874275040,,11.425000190734863,0.0,-16.81999969482422,nan,nan,nan,0.7199999690055847,2,0,0,True,"(11.425000190734863,)",(),id1,
2025/07/05/17:48:37.954071,19553,1751712517,953370820,,0.0,0.0,0.009999999776482582,nan,nan,nan,-0.009999999776482582,2,0,0,True,(),(),,
2025/07/05/17:48:38.014074,19554,1751712518,13092177,,11.41200065612793,0.0,-16.010000228881836,nan,nan,nan,0.7199999690055847,2,0,0,True,"(11.41200065612793,)",(),id1,
2025/07/05/17:48:38.053474,19555,1751712518,52412470,,0.0,0.0,0.009999999776482582,nan,nan,nan,-0.009999999776482582,2,0,0,True,(),(),,
2025/07/05/17:48:38.113644,19556,1751712518,113170393,,11.24000072479248,0.0,-15.729999542236328,nan,nan,nan,0.7199999690055847,2,0,0,True,"(11.24000072479248,)",(),id1,
2025/07/05/17:48:38.153282,19557,1751712518,152618877,,0.0,0.0,0.009999999776482582,nan,nan,nan,-0.009999999776482582,2,0,0,True,(),(),,
2025/07/05/17:48:38.215570,19558,1751712518,214363661,,11.214000701904297,0.0,-15.729999542236328,nan,nan,nan,0.7199999690055847,2,0,0,True,"(11.214000701904297,)",(),id1,
2025/07/05/17:48:38.253088,19559,1751712518,252548415,,0.0,0.0,0.009999999776482582,nan,nan,nan,-0.009999999776482582,2,0,0,True,(),(),,
2025/07/05/17:48:38.313938,19560,1751712518,313261243,,11.402000427246094,0.0,-15.049999237060547,nan,nan,nan,0.7199999690055847,2,0,0,True,"(11.402000427246094,)",(),id1,
2025/07/05/17:48:38.353549,19561,1751712518,352610823,,0.0,0.0,0.009999999776482582,nan,nan,nan,-0.009999999776482582,2,0,0,True,(),(),,
2025/07/05/17:48:38.513576,19562,1751712518,513180263,,11.405000686645508,0.0,-16.969999313354492,nan,nan,nan,0.7199999690055847,2,0,0,True,"(11.405000686645508,)",(),id1,
2025/07/05/17:48:38.554045,19563,1751712518,553369980,,0.0,0.0,0.009999999776482582,nan,nan,nan,-0.009999999776482582,2,0,0,True,(),(),,
2025/07/05/17:48:38.613517,19564,1751712518,613063475,,11.333000183105469,0.0,-16.649999618530273,nan,nan,nan,0.7199999690055847,2,0,0,True,"(11.333000183105469,)",(),id1,
2025/07/05/17:48:38.653269,19565,1751712518,652464974,,0.0,0.0,0.009999999776482582,nan,nan,nan,-0.009999999776482582,2,0,0,True,(),(),,
2025/07/05/17:48:38.713579,19566,1751712518,713131029,,11.2760009765625,0.0,-16.239999771118164,nan,nan,nan,0.7199999690055847,2,0,0,True,"(11.2760009765625,)",(),id1,
2025/07/05/17:48:38.754287,19567,1751712518,753423275,,0.0,0.0,0.009999999776482582,nan,nan,nan,-0.009999999776482582,2,0,0,True,(),(),,
2025/07/05/17:48:38.816105,19568,1751712518,814583608,,11.338000297546387,0.0,-16.299999237060547,nan,nan,nan,0.7199999690055847,2,0,0,True,"(11.338000297546387,)",(),id1,
2025/07/05/17:48:38.853230,19569,1751712518,852566307,,0.0,0.0,0.009999999776482582,nan,nan,nan,-0.009999999776482582,2,0,0,True,(),(),,
2025/07/05/17:48:38.894774,19570,1751712518,894393635,,11.338000297546387,0.0,-16.299999237060547,nan,nan,nan,0.7199999690055847,2,0,0,True,"(11.338000297546387,)",(),id1,
2025/07/05/17:48:38.974038,19571,1751712518,973416150,,0.0,0.0,0.009999999776482582,nan,nan,nan,-0.009999999776482582,2,0,0,True,(),(),,
2025/07/05/17:48:39.017904,19572,1751712519,16790597,,11.410000801086426,0.0,-16.779998779296875,nan,nan,nan,0.7199999690055847,2,0,0,True,"(11.410000801086426,)",(),id1,
2025/07/05/17:48:39.054385,19573,1751712519,52428208,,0.0,0.0,0.009999999776482582,nan,nan,nan,-0.009999999776482582,2,0,0,True,(),(),,
2025/07/05/17:48:39.114961,19574,1751712519,113611832,,11.433000564575195,0.0,-15.649999618530273,nan,nan,nan,0.7199999690055847,2,0,0,True,"(11.433000564575195,)",(),id1,
2025/07/05/17:48:39.154017,19575,1751712519,153224175,,0.0,0.0,0.009999999776482582,nan,nan,nan,-0.009999999776482582,2,0,0,True,(),(),,
2025/07/05/17:48:39.217391,19576,1751712519,213299633,,11.292000770568848,0.0,-15.460000038146973,nan,nan,nan,0.7199999690055847,2,0,0,True,"(11.292000770568848,)",(),id1,
2025/07/05/17:48:39.253371,19577,1751712519,252697319,,0.0,0.0,0.009999999776482582,nan,nan,nan,-0.009999999776482582,2,0,0,True,(),(),,
2025/07/05/17:48:39.294804,19578,1751712519,294267672,,11.292000770568848,0.0,-15.460000038146973,nan,nan,nan,0.7199999690055847,2,0,0,True,"(11.292000770568848,)",(),id1,
2025/07/05/17:48:39.353158,19579,1751712519,352589117,,0.0,0.0,0.009999999776482582,nan,nan,nan,-0.009999999776482582,2,0,0,True,(),(),,
2025/07/05/17:48:39.436474,19580,1751712519,436269765,,11.246000289916992,0.0,-17.020000457763672,nan,nan,nan,0.7199999690055847,2,0,0,True,"(11.246000289916992,)",(),id1,
2025/07/05/17:48:39.533604,19581,1751712519,532432791,,0.0,0.0,0.009999999776482582,nan,nan,nan,-0.009999999776482582,2,0,0,True,(),(),,
2025/07/05/17:48:39.593581,19582,1751712519,593207813,,11.31100082397461,0.0,-17.029998779296875,nan,nan,nan,0.7199999690055847,2,0,0,True,"(11.31100082397461,)",(),id1,
2025/07/05/17:48:39.635573,19583,1751712519,635275104,,0.0,0.0,0.009999999776482582,nan,nan,nan,-0.009999999776482582,2,0,0,True,(),(),,
2025/07/05/17:48:39.674514,19584,1751712519,674041635,,11.409000396728516,0.0,-16.510000228881836,nan,nan,nan,0.7199999690055847,2,0,0,True,"(11.409000396728516,)",(),id1,
2025/07/05/17:48:39.733785,19585,1751712519,732490481,,0.0,0.0,0.009999999776482582,nan,nan,nan,-0.009999999776482582,2,0,0,True,(),(),,
2025/07/05/17:48:39.794500,19586,1751712519,794261133,,11.35200023651123,0.0,-16.28999900817871,nan,nan,nan,0.7199999690055847,2,0,0,True,"(11.35200023651123,)",(),id1,
2025/07/05/17:48:39.836075,19587,1751712519,835416152,,0.0,0.0,0.009999999776482582,nan,nan,nan,-0.009999999776482582,2,0,0,True,(),(),,
2025/07/05/17:48:39.895721,19588,1751712519,894719248,,11.282000541687012,0.0,-16.219999313354492,nan,nan,nan,0.7199999690055847,2,0,0,True,"(11.282000541687012,)",(),id1,
2025/07/05/17:48:39.933441,19589,1751712519,932612207,,0.0,0.0,0.009999999776482582,nan,nan,nan,-0.009999999776482582,2,0,0,True,(),(),,
2025/07/05/17:48:39.975123,19590,1751712519,974433165,,11.336000442504883,0.0,-15.269999504089355,nan,nan,nan,0.7199999690055847,2,0,0,True,"(11.336000442504883,)",(),id1,
2025/07/05/17:48:40.036231,19591,1751712520,35448239,,0.0,0.0,0.009999999776482582,nan,nan,nan,-0.009999999776482582,2,0,0,True,(),(),,
2025/07/05/17:48:40.093528,19592,1751712520,93186985,,11.330000877380371,0.0,-15.729999542236328,nan,nan,nan,0.7199999690055847,2,0,0,True,"(11.330000877380371,)",(),id1,
2025/07/05/17:48:40.134414,19593,1751712520,133211636,,0.0,0.0,0.009999999776482582,nan,nan,nan,-0.009999999776482582,2,0,0,True,(),(),,
2025/07/05/17:48:40.193302,19594,1751712520,193085414,,11.405000686645508,0.0,-16.34000015258789,nan,nan,nan,0.7199999690055847,2,0,0,True,"(11.405000686645508,)",(),id1,
2025/07/05/17:48:40.235402,19595,1751712520,235099265,,0.0,0.0,0.009999999776482582,nan,nan,nan,-0.009999999776482582,2,0,0,True,(),(),,
2025/07/05/17:48:40.275440,19596,1751712520,274280845,,11.366000175476074,0.0,-16.190000534057617,nan,nan,nan,0.7199999690055847,2,0,0,True,"(11.366000175476074,)",(),id1,
2025/07/05/17:48:40.313852,19597,1751712520,313085714,,0.0,0.0,0.009999999776482582,nan,nan,nan,-0.009999999776482582,2,0,0,True,(),(),,
2025/07/05/17:48:40.394655,19598,1751712520,394228710,,11.296000480651855,0.0,-16.239999771118164,nan,nan,nan,0.7199999690055847,2,0,0,True,"(11.296000480651855,)",(),id1,
2025/07/05/17:48:40.453238,19599,1751712520,452520078,,0.0,0.0,0.009999999776482582,nan,nan,nan,-0.009999999776482582,2,0,0,True,(),(),,
2025/07/05/17:48:40.533385,19600,1751712520,533099955,,11.236000061035156,0.0,-15.960000038146973,nan,nan,nan,0.7199999690055847,2,0,0,True,"(11.236000061035156,)",(),id1,
2025/07/05/17:48:40.573406,19601,1751712520,572615745,,0.0,0.0,0.009999999776482582,nan,nan,nan,-0.009999999776482582,2,0,0,True,(),(),,
2025/07/05/17:48:40.614659,19602,1751712520,614138323,,11.337000846862793,0.0,-16.229999542236328,nan,nan,nan,0.7199999690055847,2,0,0,True,"(11.337000846862793,)",(),id1,
2025/07/05/17:48:40.654371,19603,1751712520,653681005,,0.0,0.0,0.009999999776482582,nan,nan,nan,-0.009999999776482582,2,0,0,True,(),(),,
2025/07/05/17:48:40.693939,19604,1751712520,693837142,,11.337000846862793,0.0,-16.229999542236328,nan,nan,nan,0.7199999690055847,2,0,0,True,"(11.337000846862793,)",(),id1,
2025/07/05/17:48:40.753122,19605,1751712520,752490634,,0.0,0.0,0.009999999776482582,nan,nan,nan,-0.009999999776482582,2,0,0,True,(),(),,
2025/07/05/17:48:40.818328,19606,1751712520,815361037,,11.425000190734863,0.0,-16.229999542236328,nan,nan,nan,0.7199999690055847,2,0,0,True,"(11.425000190734863,)",(),id1,
2025/07/05/17:48:40.853395,19607,1751712520,852460019,,0.0,0.0,0.009999999776482582,nan,nan,nan,-0.009999999776482582,2,0,0,True,(),(),,
2025/07/05/17:48:40.933404,19608,1751712520,933109209,,11.44800090789795,0.0,-15.339999198913574,nan,nan,nan,0.7199999690055847,2,0,0,True,"(11.44800090789795,)",(),id1,
2025/07/05/17:48:40.974036,19609,1751712520,973342358,,0.0,0.0,0.009999999776482582,nan,nan,nan,-0.009999999776482582,2,0,0,True,(),(),,
2025/07/05/17:48:41.017984,19610,1751712521,16556356,,11.43600082397461,0.0,-15.829999923706055,nan,nan,nan,0.7199999690055847,2,0,0,True,"(11.43600082397461,)",(),id1,
2025/07/05/17:48:41.053439,19611,1751712521,53013343,,0.0,0.0,0.009999999776482582,nan,nan,nan,-0.009999999776482582,2,0,0,True,(),(),,
2025/07/05/17:48:41.113909,19612,1751712521,113093918,,11.454000473022461,0.0,-15.1899995803833,nan,nan,nan,0.7199999690055847,2,0,0,True,"(11.454000473022461,)",(),id1,
2025/07/05/17:48:41.153364,19613,1751712521,152558693,,0.0,0.0,0.009999999776482582,nan,nan,nan,-0.009999999776482582,2,0,0,True,(),(),,
2025/07/05/17:48:41.216397,19614,1751712521,215330327,,11.446000099182129,0.0,-15.819999694824219,nan,nan,nan,0.7199999690055847,2,0,0,True,"(11.446000099182129,)",(),id1,
2025/07/05/17:48:41.253970,19615,1751712521,253463963,,0.0,0.0,0.009999999776482582,nan,nan,nan,-0.009999999776482582,2,0,0,True,(),(),,
2025/07/05/17:48:41.313596,19616,1751712521,313038885,,11.372000694274902,0.0,-15.889999389648438,nan,nan,nan,0.7199999690055847,2,0,0,True,"(11.372000694274902,)",(),id1,
2025/07/05/17:48:41.353331,19617,1751712521,352429198,,0.0,0.0,0.009999999776482582,nan,nan,nan,-0.009999999776482582,2,0,0,True,(),(),,
2025/07/05/17:48:41.474015,19618,1751712521,473475424,,11.282000541687012,0.0,-14.969999313354492,nan,nan,nan,0.7199999690055847,2,0,0,True,"(11.282000541687012,)",(),id1,
2025/07/05/17:48:41.554110,19619,1751712521,553373235,,0.0,0.0,0.009999999776482582,nan,nan,nan,-0.009999999776482582,2,0,0,True,(),(),,
2025/07/05/17:48:41.616679,19620,1751712521,616286712,,11.371000289916992,0.0,-13.229999542236328,nan,nan,nan,0.7199999690055847,2,0,0,True,"(11.371000289916992,)",(),id1,
2025/07/05/17:48:41.654332,19621,1751712521,653341373,,0.0,0.0,0.009999999776482582,nan,nan,nan,-0.009999999776482582,2,0,0,True,(),(),,
2025/07/05/17:48:41.714116,19622,1751712521,713106586,,11.484000205993652,0.0,-11.529999732971191,nan,nan,nan,0.7199999690055847,2,0,0,True,"(11.484000205993652,)",(),id1,
2025/07/05/17:48:41.753256,19623,1751712521,752367664,,0.0,0.0,0.009999999776482582,nan,nan,nan,-0.009999999776482582,2,0,0,True,(),(),,
2025/07/05/17:48:41.817214,19624,1751712521,816275683,,11.546000480651855,0.0,-8.170000076293945,nan,nan,nan,0.7199999690055847,2,0,0,True,"(11.546000480651855,)",(),id1,
2025/07/05/17:48:41.854007,19625,1751712521,853427073,,0.0,0.0,0.009999999776482582,nan,nan,nan,-0.009999999776482582,2,0,0,True,(),(),,
2025/07/05/17:48:41.933309,19626,1751712521,933015958,,11.598000526428223,0.0,-4.699999809265137,nan,nan,nan,0.7199999690055847,2,0,0,True,"(11.598000526428223,)",(),id1,
2025/07/05/17:48:41.974081,19627,1751712521,973522717,,0.0,0.0,0.009999999776482582,nan,nan,nan,-0.009999999776482582,2,0,0,True,(),(),,
2025/07/05/17:48:42.017935,19628,1751712522,16562200,,11.542000770568848,0.0,-1.5099999904632568,nan,nan,nan,0.7199999690055847,2,0,0,True,"(11.542000770568848,)",(),id1,
2025/07/05/17:48:42.053730,19629,1751712522,52253411,,0.0,0.0,0.009999999776482582,nan,nan,nan,-0.009999999776482582,2,0,0,True,(),(),,
2025/07/05/17:48:42.094721,19630,1751712522,94352774,,11.542000770568848,0.0,-1.5099999904632568,nan,nan,nan,0.7199999690055847,2,0,0,True,"(11.542000770568848,)",(),id1,
2025/07/05/17:48:42.132577,19631,1751712522,132240309,,0.0,0.0,0.009999999776482582,nan,nan,nan,-0.009999999776482582,2,0,0,True,(),(),,
2025/07/05/17:48:42.195008,19632,1751712522,194358413,,11.599000930786133,0.0,-0.14000000059604645,nan,nan,nan,0.7199999690055847,2,0,0,True,"(11.599000930786133,)",(),id1,
2025/07/05/17:48:42.233608,19633,1751712522,232326125,,0.0,0.0,0.009999999776482582,nan,nan,nan,-0.009999999776482582,2,0,0,True,(),(),,
2025/07/05/17:48:42.294535,19634,1751712522,293553927,,11.558000564575195,0.0,-0.11999999731779099,nan,nan,nan,0.7199999690055847,2,0,0,True,"(11.558000564575195,)",(),id1,
2025/07/05/17:48:42.334129,19635,1751712522,333325692,,0.0,0.0,0.009999999776482582,nan,nan,nan,-0.009999999776482582,2,0,0,True,(),(),,
2025/07/05/17:48:42.375490,19636,1751712522,374236456,,11.544000625610352,0.0,-0.05999999865889549,nan,nan,nan,0.7199999690055847,2,0,0,True,"(11.544000625610352,)",(),id1,
2025/07/05/17:48:42.436222,19637,1751712522,435503110,,0.0,0.0,0.009999999776482582,nan,nan,nan,-0.009999999776482582,2,0,0,True,(),(),,
2025/07/05/17:48:42.553926,19638,1751712522,553489481,,11.705000877380371,0.0,-0.2199999988079071,nan,nan,nan,0.7199999690055847,2,0,0,True,"(11.705000877380371,)",(),id1,
2025/07/05/17:48:42.594813,19639,1751712522,594326653,,0.0,0.0,0.009999999776482582,nan,nan,nan,-0.009999999776482582,2,0,0,True,(),(),,
2025/07/05/17:48:42.632429,19640,1751712522,632050477,,11.708000183105469,0.0,-0.2199999988079071,nan,nan,nan,0.7199999690055847,2,0,0,True,"(11.708000183105469,)",(),id1,
2025/07/05/17:48:42.673464,19641,1751712522,672843002,,0.0,0.0,0.009999999776482582,nan,nan,nan,-0.009999999776482582,2,0,0,True,(),(),,
2025/07/05/17:48:42.713662,19642,1751712522,713156212,,11.7160005569458,0.0,-0.23999999463558197,nan,nan,nan,0.7199999690055847,2,0,0,True,"(11.7160005569458,)",(),id1,
2025/07/05/17:48:42.773700,19643,1751712522,773374333,,0.0,0.0,0.009999999776482582,nan,nan,nan,-0.009999999776482582,2,0,0,True,(),(),,
2025/07/05/17:48:42.817796,19644,1751712522,816768138,,11.60300064086914,0.0,-0.14000000059604645,nan,nan,nan,0.7199999690055847,2,0,0,True,"(11.60300064086914,)",(),id1,
2025/07/05/17:48:42.854676,19645,1751712522,853760265,,0.0,0.0,0.009999999776482582,nan,nan,nan,-0.009999999776482582,2,0,0,True,(),(),,
2025/07/05/17:48:42.952645,19646,1751712522,952260726,,11.562000274658203,0.0,-0.019999999552965164,nan,nan,nan,0.7199999690055847,2,0,0,True,"(11.562000274658203,)",(),id1,
2025/07/05/17:48:42.994361,19647,1751712522,993487127,,0.0,0.0,0.009999999776482582,nan,nan,nan,-0.009999999776482582,2,0,0,True,(),(),,
2025/07/05/17:48:43.035839,19648,1751712523,35138724,,11.622000694274902,0.0,-0.10999999940395355,nan,nan,nan,0.7199999690055847,2,0,0,True,"(11.622000694274902,)",(),id1,
2025/07/05/17:48:43.073862,19649,1751712523,73510288,,0.0,0.0,0.009999999776482582,nan,nan,nan,-0.009999999776482582,2,0,0,True,(),(),,
2025/07/05/17:48:43.117190,19650,1751712523,116503665,,11.670001029968262,0.0,-0.1899999976158142,nan,nan,nan,0.7199999690055847,2,0,0,True,"(11.670001029968262,)",(),id1,
2025/07/05/17:48:43.173894,19651,1751712523,173314350,,0.0,0.0,0.009999999776482582,nan,nan,nan,-0.009999999776482582,2,0,0,True,(),(),,
2025/07/05/17:48:43.218182,19652,1751712523,216653908,,11.700000762939453,0.0,-0.20999999344348907,nan,nan,nan,0.7199999690055847,2,0,0,True,"(11.700000762939453,)",(),id1,
2025/07/05/17:48:43.254540,19653,1751712523,253307340,,0.0,0.0,0.009999999776482582,nan,nan,nan,-0.009999999776482582,2,0,0,True,(),(),,
2025/07/05/17:48:43.314505,19654,1751712523,313216766,,11.707000732421875,0.0,-0.20999999344348907,nan,nan,nan,0.7199999690055847,2,0,0,True,"(11.707000732421875,)",(),id1,
2025/07/05/17:48:43.354033,19655,1751712523,353451198,,0.0,0.0,0.009999999776482582,nan,nan,nan,-0.009999999776482582,2,0,0,True,(),(),,
2025/07/05/17:48:43.513979,19656,1751712523,513496145,,11.725000381469727,0.0,-0.2199999988079071,nan,nan,nan,0.7199999690055847,2,0,0,True,"(11.725000381469727,)",(),id1,
2025/07/05/17:48:43.574004,19657,1751712523,573558785,,0.0,0.0,0.009999999776482582,nan,nan,nan,-0.009999999776482582,2,0,0,True,(),(),,
2025/07/05/17:48:43.635507,19658,1751712523,635066441,,11.72700023651123,0.0,-0.2199999988079071,nan,nan,nan,0.7199999690055847,2,0,0,True,"(11.72700023651123,)",(),id1,
2025/07/05/17:48:43.674256,19659,1751712523,673692931,,0.0,0.0,0.009999999776482582,nan,nan,nan,-0.009999999776482582,2,0,0,True,(),(),,
2025/07/05/17:48:43.732640,19660,1751712523,732142527,,11.72800064086914,0.0,-0.22999998927116394,nan,nan,nan,0.7199999690055847,2,0,0,True,"(11.72800064086914,)",(),id1,
2025/07/05/17:48:43.773808,19661,1751712523,773246878,,0.0,0.0,0.009999999776482582,nan,nan,nan,-0.009999999776482582,2,0,0,True,(),(),,
2025/07/05/17:48:43.816446,19662,1751712523,815552668,,11.734000205993652,0.0,-0.23999999463558197,nan,nan,nan,0.7199999690055847,2,0,0,True,"(11.734000205993652,)",(),id1,
2025/07/05/17:48:43.874454,19663,1751712523,873445476,,0.0,0.0,0.009999999776482582,nan,nan,nan,-0.009999999776482582,2,0,0,True,(),(),,
2025/07/05/17:48:43.972613,19664,1751712523,972110517,,11.737000465393066,0.0,-0.23999999463558197,nan,nan,nan,0.7199999690055847,2,0,0,True,"(11.737000465393066,)",(),id1,
2025/07/05/17:48:44.014104,19665,1751712524,13448581,,0.0,0.0,0.009999999776482582,nan,nan,nan,-0.009999999776482582,2,0,0,True,(),(),,
2025/07/05/17:48:44.052606,19666,1751712524,52183753,,11.742000579833984,0.0,-0.25999999046325684,nan,nan,nan,0.7199999690055847,2,0,0,True,"(11.742000579833984,)",(),id1,
2025/07/05/17:48:44.095716,19667,1751712524,93921680,,0.0,0.0,0.009999999776482582,nan,nan,nan,-0.009999999776482582,2,0,0,True,(),(),,
2025/07/05/17:48:44.132587,19668,1751712524,132262869,,11.747000694274902,0.0,-0.25,nan,nan,nan,0.7199999690055847,2,0,0,True,"(11.747000694274902,)",(),id1,
2025/07/05/17:48:44.194650,19669,1751712524,194159443,,0.0,0.0,0.009999999776482582,nan,nan,nan,-0.009999999776482582,2,0,0,True,(),(),,
2025/07/05/17:48:44.232694,19670,1751712524,232123256,,11.744000434875488,0.0,-0.25999999046325684,nan,nan,nan,0.7199999690055847,2,0,0,True,"(11.744000434875488,)",(),id1,
2025/07/05/17:48:44.273813,19671,1751712524,273519290,,0.0,0.0,0.009999999776482582,nan,nan,nan,-0.009999999776482582,2,0,0,True,(),(),,
2025/07/05/17:48:44.332564,19672,1751712524,332114739,,11.747000694274902,0.0,-0.25999999046325684,nan,nan,nan,0.7199999690055847,2,0,0,True,"(11.747000694274902,)",(),id1,
2025/07/05/17:48:44.414708,19673,1751712524,413952219,,0.0,0.0,0.009999999776482582,nan,nan,nan,-0.009999999776482582,2,0,0,True,(),(),,
2025/07/05/17:48:44.532657,19674,1751712524,532157490,,11.748000144958496,0.0,-0.25999999046325684,nan,nan,nan,0.7199999690055847,2,0,0,True,"(11.748000144958496,)",(),id1,
2025/07/05/17:48:44.574007,19675,1751712524,573341293,,0.0,0.0,0.009999999776482582,nan,nan,nan,-0.009999999776482582,2,0,0,True,(),(),,
2025/07/05/17:48:44.617756,19676,1751712524,616681307,,11.745000839233398,0.0,-0.25999999046325684,nan,nan,nan,0.7199999690055847,2,0,0,True,"(11.745000839233398,)",(),id1,
2025/07/05/17:48:44.655429,19677,1751712524,652980497,,0.0,0.0,0.009999999776482582,nan,nan,nan,-0.009999999776482582,2,0,0,True,(),(),,
2025/07/05/17:48:44.714295,19678,1751712524,713434789,,11.753000259399414,0.0,-0.26999998092651367,nan,nan,nan,0.7199999690055847,2,0,0,True,"(11.753000259399414,)",(),id1,
2025/07/05/17:48:44.753062,19679,1751712524,752278294,,0.0,0.0,0.009999999776482582,nan,nan,nan,-0.009999999776482582,2,0,0,True,(),(),,
2025/07/05/17:48:44.816642,19680,1751712524,815324941,,11.754000663757324,0.0,-0.25999999046325684,nan,nan,nan,0.7199999690055847,2,0,0,True,"(11.754000663757324,)",(),id1,
2025/07/05/17:48:44.853022,19681,1751712524,852405415,,0.0,0.0,0.009999999776482582,nan,nan,nan,-0.009999999776482582,2,0,0,True,(),(),,
2025/07/05/17:48:44.933980,19682,1751712524,933467433,,11.754000663757324,0.0,-0.25,nan,nan,nan,0.7199999690055847,2,0,0,True,"(11.754000663757324,)",(),id1,
2025/07/05/17:48:44.973942,19683,1751712524,973483529,,0.0,0.0,0.009999999776482582,nan,nan,nan,-0.009999999776482582,2,0,0,True,(),(),,
2025/07/05/17:48:45.017538,19684,1751712525,16978456,,11.754000663757324,0.0,-0.25999999046325684,nan,nan,nan,0.7199999690055847,2,0,0,True,"(11.754000663757324,)",(),id1,
2025/07/05/17:48:45.054912,19685,1751712525,52275817,,0.0,0.0,0.009999999776482582,nan,nan,nan,-0.009999999776482582,2,0,0,True,(),(),,
2025/07/05/17:48:45.114235,19686,1751712525,113269104,,11.755000114440918,0.0,-0.25,nan,nan,nan,0.7199999690055847,2,0,0,True,"(11.755000114440918,)",(),id1,
2025/07/05/17:48:45.153159,19687,1751712525,152363308,,0.0,0.0,0.009999999776482582,nan,nan,nan,-0.009999999776482582,2,0,0,True,(),(),,
2025/07/05/17:48:45.195097,19688,1751712525,194925802,,11.755000114440918,0.0,-0.25,nan,nan,nan,0.7199999690055847,2,0,0,True,"(11.755000114440918,)",(),id1,
2025/07/05/17:48:45.232314,19689,1751712525,232122004,,0.0,0.0,0.009999999776482582,nan,nan,nan,-0.009999999776482582,2,0,0,True,(),(),,
2025/07/05/17:48:45.294266,19690,1751712525,293334496,,11.75100040435791,0.0,-0.25999999046325684,nan,nan,nan,0.7199999690055847,2,0,0,True,"(11.75100040435791,)",(),id1,
2025/07/05/17:48:45.333419,19691,1751712525,332244253,,0.0,0.0,0.009999999776482582,nan,nan,nan,-0.009999999776482582,2,0,0,True,(),(),,
2025/07/05/17:48:45.374938,19692,1751712525,373607143,,11.756000518798828,0.0,-0.25999999046325684,nan,nan,nan,0.7199999690055847,2,0,0,True,"(11.756000518798828,)",(),id1,
2025/07/05/17:48:45.495291,19693,1751712525,494605911,,0.0,0.0,0.009999999776482582,nan,nan,nan,-0.009999999776482582,2,0,0,True,(),(),,
2025/07/05/17:48:45.573686,19694,1751712525,573266268,,11.753000259399414,0.0,-0.25,nan,nan,nan,0.7199999690055847,2,0,0,True,"(11.753000259399414,)",(),id1,
2025/07/05/17:48:45.616998,19695,1751712525,616093732,,0.0,0.0,0.009999999776482582,nan,nan,nan,-0.009999999776482582,2,0,0,True,(),(),,
2025/07/05/17:48:45.653623,19696,1751712525,653101744,,11.757000923156738,0.0,-0.25999999046325684,nan,nan,nan,0.7199999690055847,2,0,0,True,"(11.757000923156738,)",(),id1,
2025/07/05/17:48:45.696160,19697,1751712525,693859578,,0.0,0.0,0.009999999776482582,nan,nan,nan,-0.009999999776482582,2,0,0,True,(),(),,
2025/07/05/17:48:45.732467,19698,1751712525,731988921,,11.757000923156738,0.0,-0.25,nan,nan,nan,0.7199999690055847,2,0,0,True,"(11.757000923156738,)",(),id1,
2025/07/05/17:48:45.795150,19699,1751712525,794284979,,0.0,0.0,0.009999999776482582,nan,nan,nan,-0.009999999776482582,2,0,0,True,(),(),,
2025/07/05/17:48:45.832474,19700,1751712525,832012211,,11.757000923156738,0.0,-0.25,nan,nan,nan,0.7199999690055847,2,0,0,True,"(11.757000923156738,)",(),id1,
2025/07/05/17:48:45.894494,19701,1751712525,893910998,,0.0,0.0,0.009999999776482582,nan,nan,nan,-0.009999999776482582,2,0,0,True,(),(),,
2025/07/05/17:48:45.953844,19702,1751712525,952579014,,11.760000228881836,0.0,-0.25,nan,nan,nan,0.7199999690055847,2,0,0,True,"(11.760000228881836,)",(),id1,
2025/07/05/17:48:45.994717,19703,1751712525,993931946,,0.0,0.0,0.009999999776482582,nan,nan,nan,-0.009999999776482582,2,0,0,True,(),(),,
2025/07/05/17:48:46.036002,19704,1751712526,35195155,,11.756000518798828,0.0,-0.25,nan,nan,nan,0.7199999690055847,2,0,0,True,"(11.756000518798828,)",(),id1,
2025/07/05/17:48:46.073036,19705,1751712526,72483299,,0.0,0.0,0.009999999776482582,nan,nan,nan,-0.009999999776482582,2,0,0,True,(),(),,
2025/07/05/17:48:46.132535,19706,1751712526,132042719,,11.76400089263916,0.0,-0.25,nan,nan,nan,0.7199999690055847,2,0,0,True,"(11.76400089263916,)",(),id1,
2025/07/05/17:48:46.172617,19707,1751712526,172138916,,0.0,0.0,0.009999999776482582,nan,nan,nan,-0.009999999776482582,2,0,0,True,(),(),,
2025/07/05/17:48:46.218752,19708,1751712526,216568082,,11.767000198364258,0.0,-0.25999999046325684,nan,nan,nan,0.7199999690055847,2,0,0,True,"(11.767000198364258,)",(),id1,
2025/07/05/17:48:46.254512,19709,1751712526,252268943,,0.0,0.0,0.009999999776482582,nan,nan,nan,-0.009999999776482582,2,0,0,True,(),(),,
2025/07/05/17:48:46.313651,19710,1751712526,312994815,,11.766000747680664,0.0,-0.25,nan,nan,nan,0.7199999690055847,2,0,0,True,"(11.766000747680664,)",(),id1,
2025/07/05/17:48:46.352986,19711,1751712526,352121187,,0.0,0.0,0.009999999776482582,nan,nan,nan,-0.009999999776482582,2,0,0,True,(),(),,
2025/07/05/17:48:46.513733,19712,1751712526,513304050,,11.765000343322754,0.0,-0.25999999046325684,nan,nan,nan,0.7199999690055847,2,0,0,True,"(11.765000343322754,)",(),id1,
2025/07/05/17:48:46.553166,19713,1751712526,552387249,,0.0,0.0,0.009999999776482582,nan,nan,nan,-0.009999999776482582,2,0,0,True,(),(),,
2025/07/05/17:48:46.615154,19714,1751712526,613446974,,11.76300048828125,0.0,-0.4399999976158142,nan,nan,nan,0.7199999690055847,2,0,0,True,"(11.76300048828125,)",(),id1,
2025/07/05/17:48:46.653013,19715,1751712526,652218647,,0.0,0.0,0.009999999776482582,nan,nan,nan,-0.009999999776482582,2,0,0,True,(),(),,
2025/07/05/17:48:46.693745,19716,1751712526,693360793,,11.76300048828125,0.0,-0.4399999976158142,nan,nan,nan,0.7199999690055847,2,0,0,True,"(11.76300048828125,)",(),id1,
2025/07/05/17:48:46.752955,19717,1751712526,752413719,,0.0,0.0,0.009999999776482582,nan,nan,nan,-0.009999999776482582,2,0,0,True,(),(),,
2025/07/05/17:48:46.817741,19718,1751712526,816561298,,11.75100040435791,0.0,-0.6699999570846558,nan,nan,nan,0.7199999690055847,2,0,0,True,"(11.75100040435791,)",(),id1,
2025/07/05/17:48:46.853067,19719,1751712526,852311741,,0.0,0.0,0.009999999776482582,nan,nan,nan,-0.009999999776482582,2,0,0,True,(),(),,
2025/07/05/17:48:46.932159,19720,1751712526,931967912,,11.726000785827637,0.0,-2.049999952316284,nan,nan,nan,0.7199999690055847,2,0,0,True,"(11.726000785827637,)",(),id1,
2025/07/05/17:48:46.973164,19721,1751712526,972367043,,0.0,0.0,0.009999999776482582,nan,nan,nan,-0.009999999776482582,2,0,0,True,(),(),,
2025/07/05/17:48:47.016567,19722,1751712527,14942927,,11.733000755310059,0.0,-1.8600000143051147,nan,nan,nan,0.7199999690055847,2,0,0,True,"(11.733000755310059,)",(),id1,
2025/07/05/17:48:47.073553,19723,1751712527,72629852,,0.0,0.0,0.009999999776482582,nan,nan,nan,-0.009999999776482582,2,0,0,True,(),(),,
2025/07/05/17:48:47.113920,19724,1751712527,113265873,,11.746000289916992,0.0,-1.2999999523162842,nan,nan,nan,0.7199999690055847,2,0,0,True,"(11.746000289916992,)",(),id1,
2025/07/05/17:48:47.155129,19725,1751712527,153230051,,0.0,0.0,0.009999999776482582,nan,nan,nan,-0.009999999776482582,2,0,0,True,(),(),,
2025/07/05/17:48:47.215549,19726,1751712527,214325029,,11.755000114440918,0.0,-0.5299999713897705,nan,nan,nan,0.7199999690055847,2,0,0,True,"(11.755000114440918,)",(),id1,
2025/07/05/17:48:47.253001,19727,1751712527,252345872,,0.0,0.0,0.009999999776482582,nan,nan,nan,-0.009999999776482582,2,0,0,True,(),(),,
2025/07/05/17:48:47.313661,19728,1751712527,313182163,,11.765000343322754,0.0,-0.32999998331069946,nan,nan,nan,0.7199999690055847,2,0,0,True,"(11.765000343322754,)",(),id1,
2025/07/05/17:48:47.353038,19729,1751712527,352318850,,0.0,0.0,0.009999999776482582,nan,nan,nan,-0.009999999776482582,2,0,0,True,(),(),,
2025/07/05/17:48:47.532537,19730,1751712527,532110793,,11.771000862121582,0.0,-0.25,nan,nan,nan,0.7199999690055847,2,0,0,True,"(11.771000862121582,)",(),id1,
2025/07/05/17:48:47.572989,19731,1751712527,572307519,,0.0,0.0,0.009999999776482582,nan,nan,nan,-0.009999999776482582,2,0,0,True,(),(),,
2025/07/05/17:48:47.613993,19732,1751712527,613824742,,11.719000816345215,0.0,-2.8299999237060547,nan,nan,nan,0.7199999690055847,2,0,0,True,"(11.719000816345215,)",(),id1,
2025/07/05/17:48:47.653719,19733,1751712527,653057621,,0.0,0.0,0.009999999776482582,nan,nan,nan,-0.009999999776482582,2,0,0,True,(),(),,
2025/07/05/17:48:47.713725,19734,1751712527,713192125,,11.734000205993652,0.0,-2.240000009536743,nan,nan,nan,0.7199999690055847,2,0,0,True,"(11.734000205993652,)",(),id1,
2025/07/05/17:48:47.753251,19735,1751712527,752389724,,0.0,0.0,0.009999999776482582,nan,nan,nan,-0.009999999776482582,2,0,0,True,(),(),,
2025/07/05/17:48:47.813894,19736,1751712527,813259588,,11.757000923156738,0.0,-0.7199999690055847,nan,nan,nan,0.7199999690055847,2,0,0,True,"(11.757000923156738,)",(),id1,
2025/07/05/17:48:47.853230,19737,1751712527,852230487,,0.0,0.0,0.009999999776482582,nan,nan,nan,-0.009999999776482582,2,0,0,True,(),(),,
2025/07/05/17:48:47.932148,19738,1751712527,931991963,,11.732000350952148,0.0,-2.009999990463257,nan,nan,nan,0.7199999690055847,2,0,0,True,"(11.732000350952148,)",(),id1,
2025/07/05/17:48:47.973961,19739,1751712527,973474090,,0.0,0.0,0.009999999776482582,nan,nan,nan,-0.009999999776482582,2,0,0,True,(),(),,
2025/07/05/17:48:48.013999,19740,1751712528,13829514,,11.714000701904297,0.0,-3.5,nan,nan,nan,0.7199999690055847,2,0,0,True,"(11.714000701904297,)",(),id1,
2025/07/05/17:48:48.072978,19741,1751712528,72443462,,0.0,0.0,0.009999999776482582,nan,nan,nan,-0.009999999776482582,2,0,0,True,(),(),,
2025/07/05/17:48:48.113846,19742,1751712528,113400280,,11.714000701904297,0.0,-3.2899999618530273,nan,nan,nan,0.7199999690055847,2,0,0,True,"(11.714000701904297,)",(),id1,
2025/07/05/17:48:48.154601,19743,1751712528,153278451,,0.0,0.0,0.009999999776482582,nan,nan,nan,-0.009999999776482582,2,0,0,True,(),(),,
2025/07/05/17:48:48.216157,19744,1751712528,215246696,,11.732000350952148,0.0,-2.379999876022339,nan,nan,nan,0.7199999690055847,2,0,0,True,"(11.732000350952148,)",(),id1,
2025/07/05/17:48:48.252958,19745,1751712528,252031110,,0.0,0.0,0.009999999776482582,nan,nan,nan,-0.009999999776482582,2,0,0,True,(),(),,
2025/07/05/17:48:48.314609,19746,1751712528,313403693,,11.754000663757324,0.0,-0.9799999594688416,nan,nan,nan,0.7199999690055847,2,0,0,True,"(11.754000663757324,)",(),id1,
2025/07/05/17:48:48.352839,19747,1751712528,352216184,,0.0,0.0,0.009999999776482582,nan,nan,nan,-0.009999999776482582,2,0,0,True,(),(),,
2025/07/05/17:48:48.435531,19748,1751712528,435189380,,11.760000228881836,0.0,-0.7099999785423279,nan,nan,nan,0.7199999690055847,2,0,0,True,"(11.760000228881836,)",(),id1,
2025/07/05/17:48:48.494226,19749,1751712528,493573106,,0.0,0.0,0.009999999776482582,nan,nan,nan,-0.009999999776482582,2,0,0,True,(),(),,
2025/07/05/17:48:48.593540,19750,1751712528,592988016,,11.748000144958496,0.0,-1.1299999952316284,nan,nan,nan,0.7199999690055847,2,0,0,True,"(11.748000144958496,)",(),id1,
2025/07/05/17:48:48.633055,19751,1751712528,632161945,,0.0,0.0,0.009999999776482582,nan,nan,nan,-0.009999999776482582,2,0,0,True,(),(),,
2025/07/05/17:48:48.694271,19752,1751712528,693294449,,11.724000930786133,0.0,-2.799999952316284,nan,nan,nan,0.7199999690055847,2,0,0,True,"(11.724000930786133,)",(),id1,
2025/07/05/17:48:48.733055,19753,1751712528,732275313,,0.0,0.0,0.009999999776482582,nan,nan,nan,-0.009999999776482582,2,0,0,True,(),(),,
2025/07/05/17:48:48.796165,19754,1751712528,794566105,,11.720000267028809,0.0,-3.009999990463257,nan,nan,nan,0.7199999690055847,2,0,0,True,"(11.720000267028809,)",(),id1,
2025/07/05/17:48:48.836220,19755,1751712528,835070901,,0.0,0.0,0.009999999776482582,nan,nan,nan,-0.009999999776482582,2,0,0,True,(),(),,
2025/07/05/17:48:48.895595,19756,1751712528,894672656,,11.721000671386719,0.0,-2.9800000190734863,nan,nan,nan,0.7199999690055847,2,0,0,True,"(11.721000671386719,)",(),id1,
2025/07/05/17:48:48.933146,19757,1751712528,932208600,,0.0,0.0,0.009999999776482582,nan,nan,nan,-0.009999999776482582,2,0,0,True,(),(),,
2025/07/05/17:48:48.994251,19758,1751712528,993283499,,11.722000122070312,0.0,-2.879999876022339,nan,nan,nan,0.7199999690055847,2,0,0,True,"(11.722000122070312,)",(),id1,
2025/07/05/17:48:49.035866,19759,1751712529,35005536,,0.0,0.0,0.009999999776482582,nan,nan,nan,-0.009999999776482582,2,0,0,True,(),(),,
2025/07/05/17:48:49.075413,19760,1751712529,75020676,,11.726000785827637,0.0,-2.609999895095825,nan,nan,nan,0.7199999690055847,2,0,0,True,"(11.726000785827637,)",(),id1,
2025/07/05/17:48:49.113420,19761,1751712529,112734831,,0.0,0.0,0.009999999776482582,nan,nan,nan,-0.009999999776482582,2,0,0,True,(),(),,
2025/07/05/17:48:49.153717,19762,1751712529,153094433,,11.72700023651123,0.0,-2.75,nan,nan,nan,0.7199999690055847,2,0,0,True,"(11.72700023651123,)",(),id1,
2025/07/05/17:48:49.216645,19763,1751712529,215665270,,0.0,0.0,0.009999999776482582,nan,nan,nan,-0.009999999776482582,2,0,0,True,(),(),,
2025/07/05/17:48:49.253283,19764,1751712529,252307941,,11.729000091552734,0.0,-2.6599998474121094,nan,nan,nan,0.7199999690055847,2,0,0,True,"(11.729000091552734,)",(),id1,
2025/07/05/17:48:49.295161,19765,1751712529,293648298,,0.0,0.0,0.009999999776482582,nan,nan,nan,-0.009999999776482582,2,0,0,True,(),(),,
2025/07/05/17:48:49.332761,19766,1751712529,332204198,,11.72700023651123,0.0,-2.609999895095825,nan,nan,nan,0.7199999690055847,2,0,0,True,"(11.72700023651123,)",(),id1,
2025/07/05/17:48:49.394838,19767,1751712529,394017535,,0.0,0.0,0.009999999776482582,nan,nan,nan,-0.009999999776482582,2,0,0,True,(),(),,
2025/07/05/17:48:49.513963,19768,1751712529,513321158,,11.72700023651123,0.0,-2.8499999046325684,nan,nan,nan,0.7199999690055847,2,0,0,True,"(11.72700023651123,)",(),id1,
2025/07/05/17:48:49.552758,19769,1751712529,552070882,,0.0,0.0,0.009999999776482582,nan,nan,nan,-0.009999999776482582,2,0,0,True,(),(),,
2025/07/05/17:48:49.614016,19770,1751712529,613074793,,11.725000381469727,0.0,-2.8299999237060547,nan,nan,nan,0.7199999690055847,2,0,0,True,"(11.725000381469727,)",(),id1,
2025/07/05/17:48:49.652895,19771,1751712529,652335644,,0.0,0.0,0.009999999776482582,nan,nan,nan,-0.009999999776482582,2,0,0,True,(),(),,
2025/07/05/17:48:49.693727,19772,1751712529,693236217,,11.725000381469727,0.0,-2.8299999237060547,nan,nan,nan,0.7199999690055847,2,0,0,True,"(11.725000381469727,)",(),id1,
2025/07/05/17:48:49.753134,19773,1751712529,752359000,,0.0,0.0,0.009999999776482582,nan,nan,nan,-0.009999999776482582,2,0,0,True,(),(),,
2025/07/05/17:48:49.816150,19774,1751712529,815268132,,11.725000381469727,0.0,-2.75,nan,nan,nan,0.7199999690055847,2,0,0,True,"(11.725000381469727,)",(),id1,
2025/07/05/17:48:49.853118,19775,1751712529,852498562,,0.0,0.0,0.009999999776482582,nan,nan,nan,-0.009999999776482582,2,0,0,True,(),(),,
2025/07/05/17:48:49.932345,19776,1751712529,932039263,,11.724000930786133,0.0,-2.8399999141693115,nan,nan,nan,0.7199999690055847,2,0,0,True,"(11.724000930786133,)",(),id1,
2025/07/05/17:48:49.974213,19777,1751712529,973363151,,0.0,0.0,0.009999999776482582,nan,nan,nan,-0.009999999776482582,2,0,0,True,(),(),,
2025/07/05/17:48:50.013813,19778,1751712530,13298126,,11.731000900268555,0.0,-2.4700000286102295,nan,nan,nan,0.7199999690055847,2,0,0,True,"(11.731000900268555,)",(),id1,
2025/07/05/17:48:50.054667,19779,1751712530,52213174,,0.0,0.0,0.009999999776482582,nan,nan,nan,-0.009999999776482582,2,0,0,True,(),(),,
2025/07/05/17:48:50.093657,19780,1751712530,93291385,,11.731000900268555,0.0,-2.4700000286102295,nan,nan,nan,0.7199999690055847,2,0,0,True,"(11.731000900268555,)",(),id1,
2025/07/05/17:48:50.152687,19781,1751712530,152119859,,0.0,0.0,0.009999999776482582,nan,nan,nan,-0.009999999776482582,2,0,0,True,(),(),,
2025/07/05/17:48:50.194689,19782,1751712530,194312594,,11.644001007080078,0.0,-2.3499999046325684,nan,nan,nan,0.7199999690055847,2,0,0,True,"(11.644001007080078,)",(),id1,
2025/07/05/17:48:50.235469,19783,1751712530,234970933,,0.0,0.0,0.009999999776482582,nan,nan,nan,-0.009999999776482582,2,0,0,True,(),(),,
2025/07/05/17:48:50.294052,19784,1751712530,293197956,,11.641000747680664,0.0,-2.3899998664855957,nan,nan,nan,0.7199999690055847,2,0,0,True,"(11.641000747680664,)",(),id1,
2025/07/05/17:48:50.332682,19785,1751712530,332137071,,0.0,0.0,0.009999999776482582,nan,nan,nan,-0.009999999776482582,2,0,0,True,(),(),,
2025/07/05/17:48:50.414672,19786,1751712530,414276286,,11.734000205993652,0.0,-2.2300000190734863,nan,nan,nan,0.7199999690055847,2,0,0,True,"(11.734000205993652,)",(),id1,
2025/07/05/17:48:50.473602,19787,1751712530,472860385,,0.0,0.0,0.009999999776482582,nan,nan,nan,-0.009999999776482582,2,0,0,True,(),(),,
2025/07/05/17:48:50.572767,19788,1751712530,572265102,,11.74000072479248,0.0,-2.0999999046325684,nan,nan,nan,0.7199999690055847,2,0,0,True,"(11.74000072479248,)",(),id1,
2025/07/05/17:48:50.614079,19789,1751712530,613342634,,0.0,0.0,0.009999999776482582,nan,nan,nan,-0.009999999776482582,2,0,0,True,(),(),,
2025/07/05/17:48:50.652671,19790,1751712530,652177140,,11.742000579833984,0.0,-1.9299999475479126,nan,nan,nan,0.7199999690055847,2,0,0,True,"(11.742000579833984,)",(),id1,
2025/07/05/17:48:50.694685,19791,1751712530,693423206,,0.0,0.0,0.009999999776482582,nan,nan,nan,-0.009999999776482582,2,0,0,True,(),(),,
2025/07/05/17:48:50.732566,19792,1751712530,732136670,,11.741000175476074,0.0,-1.909999966621399,nan,nan,nan,0.7199999690055847,2,0,0,True,"(11.741000175476074,)",(),id1,
2025/07/05/17:48:50.793923,19793,1751712530,793403098,,0.0,0.0,0.009999999776482582,nan,nan,nan,-0.009999999776482582,2,0,0,True,(),(),,
2025/07/05/17:48:50.835596,19794,1751712530,835282471,,11.741000175476074,0.0,-1.96999990940094,nan,nan,nan,0.7199999690055847,2,0,0,True,"(11.741000175476074,)",(),id1,
2025/07/05/17:48:50.873013,19795,1751712530,872506383,,0.0,0.0,0.009999999776482582,nan,nan,nan,-0.009999999776482582,2,0,0,True,(),(),,
2025/07/05/17:48:50.952405,19796,1751712530,951955116,,11.741000175476074,0.0,-1.9499999284744263,nan,nan,nan,0.7199999690055847,2,0,0,True,"(11.741000175476074,)",(),id1,
2025/07/05/17:48:50.993822,19797,1751712530,992918223,,0.0,0.0,0.009999999776482582,nan,nan,nan,-0.009999999776482582,2,0,0,True,(),(),,
2025/07/05/17:48:51.035458,19798,1751712531,35044453,,11.741000175476074,0.0,-1.8600000143051147,nan,nan,nan,0.7199999690055847,2,0,0,True,"(11.741000175476074,)",(),id1,
2025/07/05/17:48:51.072800,19799,1751712531,72330485,,0.0,0.0,0.009999999776482582,nan,nan,nan,-0.009999999776482582,2,0,0,True,(),(),,
2025/07/05/17:48:51.132533,19800,1751712531,132155671,,11.743000984191895,0.0,-1.8199999332427979,nan,nan,nan,0.7199999690055847,2,0,0,True,"(11.743000984191895,)",(),id1,
2025/07/05/17:48:51.173275,19801,1751712531,172713623,,0.0,0.0,0.009999999776482582,nan,nan,nan,-0.009999999776482582,2,0,0,True,(),(),,
2025/07/05/17:48:51.214038,19802,1751712531,213366360,,11.744000434875488,0.0,-1.909999966621399,nan,nan,nan,0.7199999690055847,2,0,0,True,"(11.744000434875488,)",(),id1,
2025/07/05/17:48:51.254870,19803,1751712531,253149705,,0.0,0.0,0.009999999776482582,nan,nan,nan,-0.009999999776482582,2,0,0,True,(),(),,
2025/07/05/17:48:51.293910,19804,1751712531,293789280,,11.744000434875488,0.0,-1.909999966621399,nan,nan,nan,0.7199999690055847,2,0,0,True,"(11.744000434875488,)",(),id1,
2025/07/05/17:48:51.352808,19805,1751712531,352158649,,0.0,0.0,0.009999999776482582,nan,nan,nan,-0.009999999776482582,2,0,0,True,(),(),,
2025/07/05/17:48:51.494487,19806,1751712531,494311326,,11.746000289916992,0.0,-1.8499999046325684,nan,nan,nan,0.7199999690055847,2,0,0,True,"(11.746000289916992,)",(),id1,
2025/07/05/17:48:51.532561,19807,1751712531,532038050,,0.0,0.0,0.009999999776482582,nan,nan,nan,-0.009999999776482582,2,0,0,True,(),(),,
2025/07/05/17:48:51.593748,19808,1751712531,593242711,,11.743000984191895,0.0,-1.8600000143051147,nan,nan,nan,0.7199999690055847,2,0,0,True,"(11.743000984191895,)",(),id1,
2025/07/05/17:48:51.635587,19809,1751712531,634937782,,0.0,0.0,0.009999999776482582,nan,nan,nan,-0.009999999776482582,2,0,0,True,(),(),,
2025/07/05/17:48:51.675408,19810,1751712531,674347386,,11.743000984191895,0.0,-1.8499999046325684,nan,nan,nan,0.7199999690055847,2,0,0,True,"(11.743000984191895,)",(),id1,
2025/07/05/17:48:51.715334,19811,1751712531,712888210,,0.0,0.0,0.009999999776482582,nan,nan,nan,-0.009999999776482582,2,0,0,True,(),(),,
2025/07/05/17:48:51.774309,19812,1751712531,772984249,,11.747000694274902,0.0,-1.7799999713897705,nan,nan,nan,0.7199999690055847,2,0,0,True,"(11.747000694274902,)",(),id1,
2025/07/05/17:48:51.816512,19813,1751712531,815566811,,0.0,0.0,0.009999999776482582,nan,nan,nan,-0.009999999776482582,2,0,0,True,(),(),,
2025/07/05/17:48:51.852939,19814,1751712531,852176203,,11.748000144958496,0.0,-1.809999942779541,nan,nan,nan,0.7199999690055847,2,0,0,True,"(11.748000144958496,)",(),id1,
2025/07/05/17:48:51.894661,19815,1751712531,893340802,,0.0,0.0,0.009999999776482582,nan,nan,nan,-0.009999999776482582,2,0,0,True,(),(),,
2025/07/05/17:48:51.953788,19816,1751712531,952892222,,11.746000289916992,0.0,-1.8499999046325684,nan,nan,nan,0.7199999690055847,2,0,0,True,"(11.746000289916992,)",(),id1,
2025/07/05/17:48:52.016515,19817,1751712532,15568382,,0.0,0.0,0.009999999776482582,nan,nan,nan,-0.009999999776482582,2,0,0,True,(),(),,
2025/07/05/17:48:52.074449,19818,1751712532,74002724,,11.749000549316406,0.0,-1.8499999046325684,nan,nan,nan,0.7199999690055847,2,0,0,True,"(11.749000549316406,)",(),id1,
2025/07/05/17:48:52.113550,19819,1751712532,112909532,,0.0,0.0,0.009999999776482582,nan,nan,nan,-0.009999999776482582,2,0,0,True,(),(),,
2025/07/05/17:48:52.152619,19820,1751712532,152212990,,11.745000839233398,0.0,-1.8299999237060547,nan,nan,nan,0.7199999690055847,2,0,0,True,"(11.745000839233398,)",(),id1,
2025/07/05/17:48:52.196214,19821,1751712532,193704632,,0.0,0.0,0.009999999776482582,nan,nan,nan,-0.009999999776482582,2,0,0,True,(),(),,
2025/07/05/17:48:52.235821,19822,1751712532,235258108,,11.75100040435791,0.0,-1.7699999809265137,nan,nan,nan,0.7199999690055847,2,0,0,True,"(11.75100040435791,)",(),id1,
2025/07/05/17:48:52.273047,19823,1751712532,272466647,,0.0,0.0,0.009999999776482582,nan,nan,nan,-0.009999999776482582,2,0,0,True,(),(),,
2025/07/05/17:48:52.332590,19824,1751712532,332134212,,11.750000953674316,0.0,-1.7799999713897705,nan,nan,nan,0.7199999690055847,2,0,0,True,"(11.750000953674316,)",(),id1,
2025/07/05/17:48:52.393929,19825,1751712532,393122606,,0.0,0.0,0.009999999776482582,nan,nan,nan,-0.009999999776482582,2,0,0,True,(),(),,
2025/07/05/17:48:52.513930,19826,1751712532,513449808,,11.736001014709473,0.0,-2.490000009536743,nan,nan,nan,0.7199999690055847,2,0,0,True,"(11.736001014709473,)",(),id1,
2025/07/05/17:48:52.552670,19827,1751712532,552065520,,0.0,0.0,0.009999999776482582,nan,nan,nan,-0.009999999776482582,2,0,0,True,(),(),,
2025/07/05/17:48:52.594674,19828,1751712532,594294975,,11.736001014709473,0.0,-2.490000009536743,nan,nan,nan,0.7199999690055847,2,0,0,True,"(11.736001014709473,)",(),id1,
2025/07/05/17:48:52.653755,19829,1751712532,652990978,,0.0,0.0,0.009999999776482582,nan,nan,nan,-0.009999999776482582,2,0,0,True,(),(),,
2025/07/05/17:48:52.693833,19830,1751712532,693407403,,11.725000381469727,0.0,-3.3999998569488525,nan,nan,nan,0.7199999690055847,2,0,0,True,"(11.725000381469727,)",(),id1,
2025/07/05/17:48:52.753216,19831,1751712532,752324735,,0.0,0.0,0.009999999776482582,nan,nan,nan,-0.009999999776482582,2,0,0,True,(),(),,
2025/07/05/17:48:52.818296,19832,1751712532,815457028,,11.733000755310059,0.0,-2.690000057220459,nan,nan,nan,0.7199999690055847,2,0,0,True,"(11.733000755310059,)",(),id1,
2025/07/05/17:48:52.852739,19833,1751712532,851888058,,0.0,0.0,0.009999999776482582,nan,nan,nan,-0.009999999776482582,2,0,0,True,(),(),,
2025/07/05/17:48:52.932240,19834,1751712532,931966538,,11.732000350952148,0.0,-2.5799999237060547,nan,nan,nan,0.7199999690055847,2,0,0,True,"(11.732000350952148,)",(),id1,
2025/07/05/17:48:52.973157,19835,1751712532,972476149,,0.0,0.0,0.009999999776482582,nan,nan,nan,-0.009999999776482582,2,0,0,True,(),(),,
2025/07/05/17:48:53.035436,19836,1751712533,35024469,,11.737000465393066,0.0,-2.5899999141693115,nan,nan,nan,0.7199999690055847,2,0,0,True,"(11.737000465393066,)",(),id1,
2025/07/05/17:48:53.073374,19837,1751712533,72363094,,0.0,0.0,0.009999999776482582,nan,nan,nan,-0.009999999776482582,2,0,0,True,(),(),,
2025/07/05/17:48:53.116719,19838,1751712533,113453926,,11.733000755310059,0.0,-2.7200000286102295,nan,nan,nan,0.7199999690055847,2,0,0,True,"(11.733000755310059,)",(),id1,
2025/07/05/17:48:53.173154,19839,1751712533,172338594,,0.0,0.0,0.009999999776482582,nan,nan,nan,-0.009999999776482582,2,0,0,True,(),(),,
2025/07/05/17:48:53.214573,19840,1751712533,214182367,,11.584000587463379,0.0,-2.2200000286102295,nan,nan,nan,0.7199999690055847,2,0,0,True,"(11.584000587463379,)",(),id1,
2025/07/05/17:48:53.254779,19841,1751712533,252339346,,0.0,0.0,0.009999999776482582,nan,nan,nan,-0.009999999776482582,2,0,0,True,(),(),,
2025/07/05/17:48:53.293268,19842,1751712533,292889564,,11.584000587463379,0.0,-2.2200000286102295,nan,nan,nan,0.7199999690055847,2,0,0,True,"(11.584000587463379,)",(),id1,
2025/07/05/17:48:53.352536,19843,1751712533,351875786,,0.0,0.0,0.009999999776482582,nan,nan,nan,-0.009999999776482582,2,0,0,True,(),(),,
2025/07/05/17:48:53.474107,19844,1751712533,473343391,,11.540000915527344,0.0,-1.159999966621399,nan,nan,nan,0.7199999690055847,2,0,0,True,"(11.540000915527344,)",(),id1,
2025/07/05/17:48:53.553014,19845,1751712533,552319562,,0.0,0.0,0.009999999776482582,nan,nan,nan,-0.009999999776482582,2,0,0,True,(),(),,
2025/07/05/17:48:53.616571,19846,1751712533,615294650,,11.731000900268555,0.0,-1.1399999856948853,nan,nan,nan,0.7199999690055847,2,0,0,True,"(11.731000900268555,)",(),id1,
2025/07/05/17:48:53.653235,19847,1751712533,652501024,,0.0,0.0,0.009999999776482582,nan,nan,nan,-0.009999999776482582,2,0,0,True,(),(),,
2025/07/05/17:48:53.713906,19848,1751712533,713243613,,11.596000671386719,0.0,-0.32999998331069946,nan,nan,nan,0.7199999690055847,2,0,0,True,"(11.596000671386719,)",(),id1,
2025/07/05/17:48:53.752944,19849,1751712533,752028424,,0.0,0.0,0.009999999776482582,nan,nan,nan,-0.009999999776482582,2,0,0,True,(),(),,
2025/07/05/17:48:53.816266,19850,1751712533,815318984,,11.648000717163086,0.0,-0.3799999952316284,nan,nan,nan,0.7199999690055847,2,0,0,True,"(11.648000717163086,)",(),id1,
2025/07/05/17:48:53.853111,19851,1751712533,852423272,,0.0,0.0,0.009999999776482582,nan,nan,nan,-0.009999999776482582,2,0,0,True,(),(),,
2025/07/05/17:48:53.932346,19852,1751712533,932064381,,11.670001029968262,0.0,-0.41999998688697815,nan,nan,nan,0.7199999690055847,2,0,0,True,"(11.670001029968262,)",(),id1,
2025/07/05/17:48:53.973254,19853,1751712533,972404009,,0.0,0.0,0.009999999776482582,nan,nan,nan,-0.009999999776482582,2,0,0,True,(),(),,
2025/07/05/17:48:54.019033,19854,1751712534,15987267,,11.748000144958496,0.0,-0.550000011920929,nan,nan,nan,0.7199999690055847,2,0,0,True,"(11.748000144958496,)",(),id1,
2025/07/05/17:48:54.053148,19855,1751712534,52082382,,0.0,0.0,0.009999999776482582,nan,nan,nan,-0.009999999776482582,2,0,0,True,(),(),,
2025/07/05/17:48:54.112770,19856,1751712534,112321548,,11.76300048828125,0.0,-0.4699999988079071,nan,nan,nan,0.7199999690055847,2,0,0,True,"(11.76300048828125,)",(),id1,
2025/07/05/17:48:54.153055,19857,1751712534,152347270,,0.0,0.0,0.009999999776482582,nan,nan,nan,-0.009999999776482582,2,0,0,True,(),(),,
2025/07/05/17:48:54.194641,19858,1751712534,193966795,,11.76300048828125,0.0,-0.4699999988079071,nan,nan,nan,0.7199999690055847,2,0,0,True,"(11.76300048828125,)",(),id1,
2025/07/05/17:48:54.252758,19859,1751712534,251984919,,0.0,0.0,0.009999999776482582,nan,nan,nan,-0.009999999776482582,2,0,0,True,(),(),,
2025/07/05/17:48:54.313863,19860,1751712534,313441159,,11.629000663757324,0.0,-0.3400000035762787,nan,nan,nan,0.7199999690055847,2,0,0,True,"(11.629000663757324,)",(),id1,
2025/07/05/17:48:54.352922,19861,1751712534,352223276,,0.0,0.0,0.009999999776482582,nan,nan,nan,-0.009999999776482582,2,0,0,True,(),(),,
2025/07/05/17:48:54.493688,19862,1751712534,493341601,,11.658000946044922,0.0,-0.25999999046325684,nan,nan,nan,0.7199999690055847,2,0,0,True,"(11.658000946044922,)",(),id1,
2025/07/05/17:48:54.532512,19863,1751712534,531885664,,0.0,0.0,0.009999999776482582,nan,nan,nan,-0.009999999776482582,2,0,0,True,(),(),,
2025/07/05/17:48:54.593418,19864,1751712534,593131760,,11.606000900268555,0.0,-0.3499999940395355,nan,nan,nan,0.7199999690055847,2,0,0,True,"(11.606000900268555,)",(),id1,
2025/07/05/17:48:54.632406,19865,1751712534,631873465,,0.0,0.0,0.009999999776482582,nan,nan,nan,-0.009999999776482582,2,0,0,True,(),(),,
2025/07/05/17:48:54.693789,19866,1751712534,693255732,,11.755000114440918,0.0,-0.4699999988079071,nan,nan,nan,0.7199999690055847,2,0,0,True,"(11.755000114440918,)",(),id1,
2025/07/05/17:48:54.733161,19867,1751712534,732286170,,0.0,0.0,0.009999999776482582,nan,nan,nan,-0.009999999776482582,2,0,0,True,(),(),,
2025/07/05/17:48:54.794935,19868,1751712534,794197806,,11.689000129699707,0.0,-0.44999998807907104,nan,nan,nan,0.7199999690055847,2,0,0,True,"(11.689000129699707,)",(),id1,
2025/07/05/17:48:54.835369,19869,1751712534,834982088,,0.0,0.0,0.009999999776482582,nan,nan,nan,-0.009999999776482582,2,0,0,True,(),(),,
2025/07/05/17:48:54.894710,19870,1751712534,893611404,,11.695000648498535,0.0,-0.6599999666213989,nan,nan,nan,0.7199999690055847,2,0,0,True,"(11.695000648498535,)",(),id1,
2025/07/05/17:48:54.932925,19871,1751712534,931816264,,0.0,0.0,0.009999999776482582,nan,nan,nan,-0.009999999776482582,2,0,0,True,(),(),,
2025/07/05/17:48:54.974825,19872,1751712534,973622020,,11.60200023651123,0.0,-0.4099999964237213,nan,nan,nan,0.7199999690055847,2,0,0,True,"(11.60200023651123,)",(),id1,
2025/07/05/17:48:55.013839,19873,1751712535,13451408,,0.0,0.0,0.009999999776482582,nan,nan,nan,-0.009999999776482582,2,0,0,True,(),(),,
2025/07/05/17:48:55.035621,19874,1751712535,35226453,,11.687000274658203,0.0,-0.22999998927116394,nan,nan,nan,0.7199999690055847,2,0,0,True,"(11.687000274658203,)",(),id1,
2025/07/05/17:48:55.093276,19875,1751712535,93105138,,0.0,0.0,0.009999999776482582,nan,nan,nan,-0.009999999776482582,2,0,0,True,(),(),,
2025/07/05/17:48:55.132778,19876,1751712535,132151489,,11.736001014709473,0.0,-0.429999977350235,nan,nan,nan,0.7199999690055847,2,0,0,True,"(11.736001014709473,)",(),id1,
2025/07/05/17:48:55.194633,19877,1751712535,193614380,,0.0,0.0,0.009999999776482582,nan,nan,nan,-0.009999999776482582,2,0,0,True,(),(),,
2025/07/05/17:48:55.216648,19878,1751712535,215974088,,11.765000343322754,0.0,-0.4899999797344208,nan,nan,nan,0.7199999690055847,2,0,0,True,"(11.765000343322754,)",(),id1,
2025/07/05/17:48:55.272951,19879,1751712535,272332970,,0.0,0.0,0.009999999776482582,nan,nan,nan,-0.009999999776482582,2,0,0,True,(),(),,
2025/07/05/17:48:55.331465,19880,1751712535,331028285,,11.574000358581543,0.0,-0.14999999105930328,nan,nan,nan,0.7199999690055847,2,0,0,True,"(11.574000358581543,)",(),id1,
2025/07/05/17:48:55.394764,19881,1751712535,393672750,,0.0,0.0,0.009999999776482582,nan,nan,nan,-0.009999999776482582,2,0,0,True,(),(),,
2025/07/05/17:48:55.514054,19882,1751712535,513352763,,11.705000877380371,0.0,-0.5999999642372131,nan,nan,nan,0.7199999690055847,2,0,0,True,"(11.705000877380371,)",(),id1,
2025/07/05/17:48:55.552633,19883,1751712535,551983627,,0.0,0.0,0.009999999776482582,nan,nan,nan,-0.009999999776482582,2,0,0,True,(),(),,
2025/07/05/17:48:55.594573,19884,1751712535,594178243,,11.705000877380371,0.0,-0.5999999642372131,nan,nan,nan,0.7199999690055847,2,0,0,True,"(11.705000877380371,)",(),id1,
2025/07/05/17:48:55.652961,19885,1751712535,652382556,,0.0,0.0,0.009999999776482582,nan,nan,nan,-0.009999999776482582,2,0,0,True,(),(),,
2025/07/05/17:48:55.712619,19886,1751712535,712123998,,11.612000465393066,0.0,-0.28999999165534973,nan,nan,nan,0.7199999690055847,2,0,0,True,"(11.612000465393066,)",(),id1,
2025/07/05/17:48:55.753126,19887,1751712535,751837357,,0.0,0.0,0.009999999776482582,nan,nan,nan,-0.009999999776482582,2,0,0,True,(),(),,
2025/07/05/17:48:55.794702,19888,1751712535,794314236,,11.612000465393066,0.0,-0.28999999165534973,nan,nan,nan,0.7199999690055847,2,0,0,True,"(11.612000465393066,)",(),id1,
2025/07/05/17:48:55.832312,19889,1751712535,831848742,,0.0,0.0,0.009999999776482582,nan,nan,nan,-0.009999999776482582,2,0,0,True,(),(),,
2025/07/05/17:48:55.913592,19890,1751712535,913174640,,11.724000930786133,0.0,-0.5199999809265137,nan,nan,nan,0.7199999690055847,2,0,0,True,"(11.724000930786133,)",(),id1,
2025/07/05/17:48:55.952796,19891,1751712535,952288548,,0.0,0.0,0.009999999776482582,nan,nan,nan,-0.009999999776482582,2,0,0,True,(),(),,
2025/07/05/17:48:56.016226,19892,1751712536,15294940,,11.73900032043457,0.0,-0.4399999976158142,nan,nan,nan,0.7199999690055847,2,0,0,True,"(11.73900032043457,)",(),id1,
2025/07/05/17:48:56.052429,19893,1751712536,51734241,,0.0,0.0,0.009999999776482582,nan,nan,nan,-0.009999999776482582,2,0,0,True,(),(),,
2025/07/05/17:48:56.112704,19894,1751712536,112139589,,11.723000526428223,0.0,-2.169999837875366,nan,nan,nan,0.7199999690055847,2,0,0,True,"(11.723000526428223,)",(),id1,
2025/07/05/17:48:56.152573,19895,1751712536,151729220,,0.0,0.0,0.009999999776482582,nan,nan,nan,-0.009999999776482582,2,0,0,True,(),(),,
2025/07/05/17:48:56.194749,19896,1751712536,194299757,,11.723000526428223,0.0,-2.169999837875366,nan,nan,nan,0.7199999690055847,2,0,0,True,"(11.723000526428223,)",(),id1,
2025/07/05/17:48:56.232274,19897,1751712536,231838913,,0.0,0.0,0.009999999776482582,nan,nan,nan,-0.009999999776482582,2,0,0,True,(),(),,
2025/07/05/17:48:56.293879,19898,1751712536,293316648,,11.667000770568848,0.0,-6.269999980926514,nan,nan,nan,0.7199999690055847,2,0,0,True,"(11.667000770568848,)",(),id1,
2025/07/05/17:48:56.331884,19899,1751712536,331607364,,0.0,0.0,0.009999999776482582,nan,nan,nan,-0.009999999776482582,2,0,0,True,(),(),,
2025/07/05/17:48:56.416482,19900,1751712536,415859440,,11.593000411987305,0.0,-2.690000057220459,nan,nan,nan,0.7199999690055847,2,0,0,True,"(11.593000411987305,)",(),id1,
2025/07/05/17:48:56.472954,19901,1751712536,472031587,,0.0,0.0,0.009999999776482582,nan,nan,nan,-0.009999999776482582,2,0,0,True,(),(),,
2025/07/05/17:48:56.532586,19902,1751712536,532194288,,11.60200023651123,0.0,-2.490000009536743,nan,nan,nan,0.7199999690055847,2,0,0,True,"(11.60200023651123,)",(),id1,
2025/07/05/17:48:56.572822,19903,1751712536,572335478,,0.0,0.0,0.009999999776482582,nan,nan,nan,-0.009999999776482582,2,0,0,True,(),(),,
2025/07/05/17:48:56.613789,19904,1751712536,613316563,,11.56100082397461,0.0,-5.21999979019165,nan,nan,nan,0.7199999690055847,2,0,0,True,"(11.56100082397461,)",(),id1,
2025/07/05/17:48:56.673467,19905,1751712536,672872677,,0.0,0.0,0.009999999776482582,nan,nan,nan,-0.009999999776482582,2,0,0,True,(),(),,
2025/07/05/17:48:56.713730,19906,1751712536,713241674,,11.631000518798828,0.0,-6.199999809265137,nan,nan,nan,0.7199999690055847,2,0,0,True,"(11.631000518798828,)",(),id1,
2025/07/05/17:48:56.773288,19907,1751712536,772448989,,0.0,0.0,0.009999999776482582,nan,nan,nan,-0.009999999776482582,2,0,0,True,(),(),,
2025/07/05/17:48:56.813828,19908,1751712536,813269922,,11.595000267028809,0.0,-4.75,nan,nan,nan,0.7199999690055847,2,0,0,True,"(11.595000267028809,)",(),id1,
2025/07/05/17:48:56.855663,19909,1751712536,855230260,,0.0,0.0,0.009999999776482582,nan,nan,nan,-0.009999999776482582,2,0,0,True,(),(),,
2025/07/05/17:48:56.894140,19910,1751712536,893877437,,11.595000267028809,0.0,-4.75,nan,nan,nan,0.7199999690055847,2,0,0,True,"(11.595000267028809,)",(),id1,
2025/07/05/17:48:56.932232,19911,1751712536,931814679,,0.0,0.0,0.009999999776482582,nan,nan,nan,-0.009999999776482582,2,0,0,True,(),(),,
2025/07/05/17:48:56.994803,19912,1751712536,993554915,,11.633000373840332,0.0,-2.5299999713897705,nan,nan,nan,0.7199999690055847,2,0,0,True,"(11.633000373840332,)",(),id1,
2025/07/05/17:48:57.035844,19913,1751712537,35144636,,0.0,0.0,0.009999999776482582,nan,nan,nan,-0.009999999776482582,2,0,0,True,(),(),,
2025/07/05/17:48:57.094225,19914,1751712537,93320112,,11.581000328063965,0.0,-0.9399999976158142,nan,nan,nan,0.7199999690055847,2,0,0,True,"(11.581000328063965,)",(),id1,
2025/07/05/17:48:57.132461,19915,1751712537,131681752,,0.0,0.0,0.009999999776482582,nan,nan,nan,-0.009999999776482582,2,0,0,True,(),(),,
2025/07/05/17:48:57.195237,19916,1751712537,193782571,,11.668000221252441,0.0,-0.2800000011920929,nan,nan,nan,0.7199999690055847,2,0,0,True,"(11.668000221252441,)",(),id1,
2025/07/05/17:48:57.235556,19917,1751712537,234957797,,0.0,0.0,0.009999999776482582,nan,nan,nan,-0.009999999776482582,2,0,0,True,(),(),,
2025/07/05/17:48:57.293056,19918,1751712537,292152132,,11.687000274658203,0.0,-0.3799999952316284,nan,nan,nan,0.7199999690055847,2,0,0,True,"(11.687000274658203,)",(),id1,
2025/07/05/17:48:57.333101,19919,1751712537,332325768,,0.0,0.0,0.009999999776482582,nan,nan,nan,-0.009999999776482582,2,0,0,True,(),(),,
2025/07/05/17:48:57.435500,19920,1751712537,435054050,,11.609000205993652,0.0,-0.25999999046325684,nan,nan,nan,0.7199999690055847,2,0,0,True,"(11.609000205993652,)",(),id1,
2025/07/05/17:48:57.493819,19921,1751712537,493133592,,0.0,0.0,0.009999999776482582,nan,nan,nan,-0.009999999776482582,2,0,0,True,(),(),,
2025/07/05/17:48:57.593595,19922,1751712537,593220828,,11.654000282287598,0.0,-0.22999998927116394,nan,nan,nan,0.7199999690055847,2,0,0,True,"(11.654000282287598,)",(),id1,
2025/07/05/17:48:57.633077,19923,1751712537,632458613,,0.0,0.0,0.009999999776482582,nan,nan,nan,-0.009999999776482582,2,0,0,True,(),(),,
2025/07/05/17:48:57.694237,19924,1751712537,693259383,,11.653000831604004,0.0,-0.2800000011920929,nan,nan,nan,0.7199999690055847,2,0,0,True,"(11.653000831604004,)",(),id1,
2025/07/05/17:48:57.732666,19925,1751712537,731920720,,0.0,0.0,0.009999999776482582,nan,nan,nan,-0.009999999776482582,2,0,0,True,(),(),,
2025/07/05/17:48:57.793589,19926,1751712537,793230183,,11.743000984191895,0.0,-0.3799999952316284,nan,nan,nan,0.7199999690055847,2,0,0,True,"(11.743000984191895,)",(),id1,
2025/07/05/17:48:57.835456,19927,1751712537,834859307,,0.0,0.0,0.009999999776482582,nan,nan,nan,-0.009999999776482582,2,0,0,True,(),(),,
2025/07/05/17:48:57.894866,19928,1751712537,894129567,,11.76200008392334,0.0,-0.35999998450279236,nan,nan,nan,0.7199999690055847,2,0,0,True,"(11.76200008392334,)",(),id1,
2025/07/05/17:48:57.932812,19929,1751712537,931856844,,0.0,0.0,0.009999999776482582,nan,nan,nan,-0.009999999776482582,2,0,0,True,(),(),,
2025/07/05/17:48:57.974989,19930,1751712537,973507664,,11.66100025177002,0.0,-0.29999998211860657,nan,nan,nan,0.7199999690055847,2,0,0,True,"(11.66100025177002,)",(),id1,
2025/07/05/17:48:58.035264,19931,1751712538,34683601,,0.0,0.0,0.009999999776482582,nan,nan,nan,-0.009999999776482582,2,0,0,True,(),(),,
2025/07/05/17:48:58.094345,19932,1751712538,94039355,,11.643000602722168,0.0,-0.25,nan,nan,nan,0.7199999690055847,2,0,0,True,"(11.643000602722168,)",(),id1,
2025/07/05/17:48:58.131598,19933,1751712538,131486500,,0.0,0.0,0.009999999776482582,nan,nan,nan,-0.009999999776482582,2,0,0,True,(),(),,
2025/07/05/17:48:58.193254,19934,1751712538,193050110,,11.613000869750977,0.0,-0.17000000178813934,nan,nan,nan,0.7199999690055847,2,0,0,True,"(11.613000869750977,)",(),id1,
2025/07/05/17:48:58.235230,19935,1751712538,234408249,,0.0,0.0,0.009999999776482582,nan,nan,nan,-0.009999999776482582,2,0,0,True,(),(),,
2025/07/05/17:48:58.293188,19936,1751712538,292969667,,11.701000213623047,0.0,-0.3100000023841858,nan,nan,nan,0.7199999690055847,2,0,0,True,"(11.701000213623047,)",(),id1,
2025/07/05/17:48:58.332502,19937,1751712538,332112556,,0.0,0.0,0.009999999776482582,nan,nan,nan,-0.009999999776482582,2,0,0,True,(),(),,
2025/07/05/17:48:58.452203,19938,1751712538,451938580,,11.76300048828125,0.0,-0.3700000047683716,nan,nan,nan,0.7199999690055847,2,0,0,True,"(11.76300048828125,)",(),id1,
2025/07/05/17:48:58.513340,19939,1751712538,513225709,,0.0,0.0,0.009999999776482582,nan,nan,nan,-0.009999999776482582,2,0,0,True,(),(),,
2025/07/05/17:48:58.572793,19940,1751712538,572278666,,11.770000457763672,0.0,-0.3799999952316284,nan,nan,nan,0.7199999690055847,2,0,0,True,"(11.770000457763672,)",(),id1,
2025/07/05/17:48:58.613924,19941,1751712538,613174204,,0.0,0.0,0.009999999776482582,nan,nan,nan,-0.009999999776482582,2,0,0,True,(),(),,
2025/07/05/17:48:58.652567,19942,1751712538,652165171,,11.771000862121582,0.0,-0.38999998569488525,nan,nan,nan,0.7199999690055847,2,0,0,True,"(11.771000862121582,)",(),id1,
2025/07/05/17:48:58.692950,19943,1751712538,692612572,,0.0,0.0,0.009999999776482582,nan,nan,nan,-0.009999999776482582,2,0,0,True,(),(),,
2025/07/05/17:48:58.732430,19944,1751712538,732098404,,11.77500057220459,0.0,-0.3999999761581421,nan,nan,nan,0.7199999690055847,2,0,0,True,"(11.77500057220459,)",(),id1,
2025/07/05/17:48:58.772464,19945,1751712538,772194038,,0.0,0.0,0.009999999776482582,nan,nan,nan,-0.009999999776482582,2,0,0,True,(),(),,
2025/07/05/17:48:58.834201,19946,1751712538,833904711,,11.773000717163086,0.0,-0.38999998569488525,nan,nan,nan,0.7199999690055847,2,0,0,True,"(11.773000717163086,)",(),id1,
2025/07/05/17:48:58.872259,19947,1751712538,872029177,,0.0,0.0,0.009999999776482582,nan,nan,nan,-0.009999999776482582,2,0,0,True,(),(),,
2025/07/05/17:48:58.932080,19948,1751712538,931969690,,11.57300090789795,0.0,-0.07999999821186066,nan,nan,nan,0.7199999690055847,2,0,0,True,"(11.57300090789795,)",(),id1,
2025/07/05/17:48:58.993070,19949,1751712538,992677007,,0.0,0.0,0.009999999776482582,nan,nan,nan,-0.009999999776482582,2,0,0,True,(),(),,
2025/07/05/17:48:59.035250,19950,1751712539,34983523,,11.63700008392334,0.0,-0.17000000178813934,nan,nan,nan,0.7199999690055847,2,0,0,True,"(11.63700008392334,)",(),id1,
2025/07/05/17:48:59.072532,19951,1751712539,72191798,,0.0,0.0,0.009999999776482582,nan,nan,nan,-0.009999999776482582,2,0,0,True,(),(),,
2025/07/05/17:48:59.131059,19952,1751712539,130886244,,11.723000526428223,0.0,-0.3400000035762787,nan,nan,nan,0.7199999690055847,2,0,0,True,"(11.723000526428223,)",(),id1,
2025/07/05/17:48:59.172055,19953,1751712539,171627347,,0.0,0.0,0.009999999776482582,nan,nan,nan,-0.009999999776482582,2,0,0,True,(),(),,
2025/07/05/17:48:59.213162,19954,1751712539,212979982,,11.738000869750977,0.0,-0.3499999940395355,nan,nan,nan,0.7199999690055847,2,0,0,True,"(11.738000869750977,)",(),id1,
2025/07/05/17:48:59.251737,19955,1751712539,251413892,,0.0,0.0,0.009999999776482582,nan,nan,nan,-0.009999999776482582,2,0,0,True,(),(),,
2025/07/05/17:48:59.293335,19956,1751712539,292860923,,11.738000869750977,0.0,-0.3499999940395355,nan,nan,nan,0.7199999690055847,2,0,0,True,"(11.738000869750977,)",(),id1,
2025/07/05/17:48:59.355060,19957,1751712539,352235054,,0.0,0.0,0.009999999776482582,nan,nan,nan,-0.009999999776482582,2,0,0,True,(),(),,
2025/07/05/17:48:59.472773,19958,1751712539,472351417,,11.676000595092773,0.0,-0.25999999046325684,nan,nan,nan,0.7199999690055847,2,0,0,True,"(11.676000595092773,)",(),id1,
2025/07/05/17:48:59.552979,19959,1751712539,552236247,,0.0,0.0,0.009999999776482582,nan,nan,nan,-0.009999999776482582,2,0,0,True,(),(),,
2025/07/05/17:48:59.613800,19960,1751712539,613072354,,11.754000663757324,0.0,-0.20999999344348907,nan,nan,nan,0.7199999690055847,2,0,0,True,"(11.754000663757324,)",(),id1,
2025/07/05/17:48:59.652150,19961,1751712539,651774235,,0.0,0.0,0.009999999776482582,nan,nan,nan,-0.009999999776482582,2,0,0,True,(),(),,
2025/07/05/17:48:59.712070,19962,1751712539,711917694,,11.78600025177002,0.0,-0.22999998927116394,nan,nan,nan,0.7199999690055847,2,0,0,True,"(11.78600025177002,)",(),id1,
2025/07/05/17:48:59.752350,19963,1751712539,751733459,,0.0,0.0,0.009999999776482582,nan,nan,nan,-0.009999999776482582,2,0,0,True,(),(),,
2025/07/05/17:48:59.794559,19964,1751712539,794257881,,11.78600025177002,0.0,-0.22999998927116394,nan,nan,nan,0.7199999690055847,2,0,0,True,"(11.78600025177002,)",(),id1,
2025/07/05/17:48:59.852690,19965,1751712539,852285776,,0.0,0.0,0.009999999776482582,nan,nan,nan,-0.009999999776482582,2,0,0,True,(),(),,
2025/07/05/17:48:59.932431,19966,1751712539,932149803,,11.78700065612793,0.0,-0.22999998927116394,nan,nan,nan,0.7199999690055847,2,0,0,True,"(11.78700065612793,)",(),id1,
2025/07/05/17:48:59.993319,19967,1751712539,992719276,,0.0,0.0,0.009999999776482582,nan,nan,nan,-0.009999999776482582,2,0,0,True,(),(),,
2025/07/05/17:49:00.035823,19968,1751712540,35144065,,11.64900016784668,0.0,-0.10999999940395355,nan,nan,nan,0.7199999690055847,2,0,0,True,"(11.64900016784668,)",(),id1,
2025/07/05/17:49:00.072640,19969,1751712540,72193524,,0.0,0.0,0.009999999776482582,nan,nan,nan,-0.009999999776482582,2,0,0,True,(),(),,
2025/07/05/17:49:00.131453,19970,1751712540,131015016,,11.692000389099121,0.0,-0.14000000059604645,nan,nan,nan,0.7199999690055847,2,0,0,True,"(11.692000389099121,)",(),id1,
2025/07/05/17:49:00.174804,19971,1751712540,173212366,,0.0,0.0,0.009999999776482582,nan,nan,nan,-0.009999999776482582,2,0,0,True,(),(),,
2025/07/05/17:49:00.215769,19972,1751712540,214118478,,11.643000602722168,0.0,-0.09999999403953552,nan,nan,nan,0.7199999690055847,2,0,0,True,"(11.643000602722168,)",(),id1,
2025/07/05/17:49:00.272231,19973,1751712540,272049163,,0.0,0.0,0.009999999776482582,nan,nan,nan,-0.009999999776482582,2,0,0,True,(),(),,
2025/07/05/17:49:00.315709,19974,1751712540,315257970,,11.725000381469727,0.0,-0.17999999225139618,nan,nan,nan,0.7199999690055847,2,0,0,True,"(11.725000381469727,)",(),id1,
2025/07/05/17:49:00.373092,19975,1751712540,372815468,,0.0,0.0,0.009999999776482582,nan,nan,nan,-0.009999999776482582,2,0,0,True,(),(),,
2025/07/05/17:49:00.493591,19976,1751712540,493057157,,11.790000915527344,0.0,-0.23999999463558197,nan,nan,nan,0.7199999690055847,2,0,0,True,"(11.790000915527344,)",(),id1,
2025/07/05/17:49:00.552383,19977,1751712540,551999120,,0.0,0.0,0.009999999776482582,nan,nan,nan,-0.009999999776482582,2,0,0,True,(),(),,
2025/07/05/17:49:00.612602,19978,1751712540,612134847,,11.797000885009766,0.0,-0.25,nan,nan,nan,0.7199999690055847,2,0,0,True,"(11.797000885009766,)",(),id1,
2025/07/05/17:49:00.651819,19979,1751712540,651744817,,0.0,0.0,0.009999999776482582,nan,nan,nan,-0.009999999776482582,2,0,0,True,(),(),,
2025/07/05/17:49:00.712656,19980,1751712540,712206597,,11.801000595092773,0.0,-0.25999999046325684,nan,nan,nan,0.7199999690055847,2,0,0,True,"(11.801000595092773,)",(),id1,
2025/07/05/17:49:00.752873,19981,1751712540,752360453,,0.0,0.0,0.009999999776482582,nan,nan,nan,-0.009999999776482582,2,0,0,True,(),(),,
2025/07/05/17:49:00.813842,19982,1751712540,813347527,,11.750000953674316,0.0,-0.20999999344348907,nan,nan,nan,0.7199999690055847,2,0,0,True,"(11.750000953674316,)",(),id1,
2025/07/05/17:49:00.855770,19983,1751712540,851681550,,0.0,0.0,0.009999999776482582,nan,nan,nan,-0.009999999776482582,2,0,0,True,(),(),,
2025/07/05/17:49:00.914889,19984,1751712540,914262370,,11.797000885009766,0.0,-0.23999999463558197,nan,nan,nan,0.7199999690055847,2,0,0,True,"(11.797000885009766,)",(),id1,
2025/07/05/17:49:00.972647,19985,1751712540,972280393,,0.0,0.0,0.009999999776482582,nan,nan,nan,-0.009999999776482582,2,0,0,True,(),(),,
2025/07/05/17:49:01.015219,19986,1751712541,13818077,,11.792000770568848,0.0,-0.25999999046325684,nan,nan,nan,0.7199999690055847,2,0,0,True,"(11.792000770568848,)",(),id1,
2025/07/05/17:49:01.054116,19987,1751712541,52274361,,0.0,0.0,0.009999999776482582,nan,nan,nan,-0.009999999776482582,2,0,0,True,(),(),,
2025/07/05/17:49:01.112878,19988,1751712541,112383405,,11.78700065612793,0.0,-0.47999998927116394,nan,nan,nan,0.7199999690055847,2,0,0,True,"(11.78700065612793,)",(),id1,
2025/07/05/17:49:01.152674,19989,1751712541,152153753,,0.0,0.0,0.009999999776482582,nan,nan,nan,-0.009999999776482582,2,0,0,True,(),(),,
2025/07/05/17:49:01.213829,19990,1751712541,213439187,,11.747000694274902,0.0,-1.7699999809265137,nan,nan,nan,0.7199999690055847,2,0,0,True,"(11.747000694274902,)",(),id1,
2025/07/05/17:49:01.251881,19991,1751712541,251529003,,0.0,0.0,0.009999999776482582,nan,nan,nan,-0.009999999776482582,2,0,0,True,(),(),,
2025/07/05/17:49:01.312654,19992,1751712541,312128602,,11.771000862121582,0.0,-0.9899999499320984,nan,nan,nan,0.7199999690055847,2,0,0,True,"(11.771000862121582,)",(),id1,
2025/07/05/17:49:01.352297,19993,1751712541,351932929,,0.0,0.0,0.009999999776482582,nan,nan,nan,-0.009999999776482582,2,0,0,True,(),(),,
2025/07/05/17:49:01.513680,19994,1751712541,513374293,,11.781000137329102,0.0,-0.6299999952316284,nan,nan,nan,0.7199999690055847,2,0,0,True,"(11.781000137329102,)",(),id1,
2025/07/05/17:49:01.552972,19995,1751712541,552543288,,0.0,0.0,0.009999999776482582,nan,nan,nan,-0.009999999776482582,2,0,0,True,(),(),,
2025/07/05/17:49:01.615162,19996,1751712541,613524467,,11.784000396728516,0.0,-0.75,nan,nan,nan,0.7199999690055847,2,0,0,True,"(11.784000396728516,)",(),id1,
2025/07/05/17:49:01.652208,19997,1751712541,651595106,,0.0,0.0,0.009999999776482582,nan,nan,nan,-0.009999999776482582,2,0,0,True,(),(),,
2025/07/05/17:49:01.693587,19998,1751712541,693328921,,11.784000396728516,0.0,-0.75,nan,nan,nan,0.7199999690055847,2,0,0,True,"(11.784000396728516,)",(),id1,
2025/07/05/17:49:01.733019,19999,1751712541,732248184,,0.0,0.0,0.009999999776482582,nan,nan,nan,-0.009999999776482582,2,0,0,True,(),(),,
2025/07/05/17:49:01.793482,20000,1751712541,793218661,,11.78600025177002,0.0,-0.6599999666213989,nan,nan,nan,0.7199999690055847,2,0,0,True,"(11.78600025177002,)",(),id1,
2025/07/05/17:49:01.835608,20001,1751712541,835118793,,0.0,0.0,0.009999999776482582,nan,nan,nan,-0.009999999776482582,2,0,0,True,(),(),,
2025/07/05/17:49:01.913114,20002,1751712541,912893115,,11.78700065612793,0.0,-0.6200000047683716,nan,nan,nan,0.7199999690055847,2,0,0,True,"(11.78700065612793,)",(),id1,
2025/07/05/17:49:01.952676,20003,1751712541,952146804,,0.0,0.0,0.009999999776482582,nan,nan,nan,-0.009999999776482582,2,0,0,True,(),(),,
2025/07/05/17:49:02.015228,20004,1751712542,13489005,,11.784000396728516,0.0,-0.6100000143051147,nan,nan,nan,0.7199999690055847,2,0,0,True,"(11.784000396728516,)",(),id1,
2025/07/05/17:49:02.051854,20005,1751712542,51474854,,0.0,0.0,0.009999999776482582,nan,nan,nan,-0.009999999776482582,2,0,0,True,(),(),,
2025/07/05/17:49:02.112609,20006,1751712542,112103217,,11.784000396728516,0.0,-0.6399999856948853,nan,nan,nan,0.7199999690055847,2,0,0,True,"(11.784000396728516,)",(),id1,
2025/07/05/17:49:02.151928,20007,1751712542,151430182,,0.0,0.0,0.009999999776482582,nan,nan,nan,-0.009999999776482582,2,0,0,True,(),(),,
2025/07/05/17:49:02.214437,20008,1751712542,213321231,,11.788000106811523,0.0,-0.5999999642372131,nan,nan,nan,0.7199999690055847,2,0,0,True,"(11.788000106811523,)",(),id1,
2025/07/05/17:49:02.252222,20009,1751712542,251553571,,0.0,0.0,0.009999999776482582,nan,nan,nan,-0.009999999776482582,2,0,0,True,(),(),,
2025/07/05/17:49:02.293378,20010,1751712542,293128121,,11.788000106811523,0.0,-0.5999999642372131,nan,nan,nan,0.7199999690055847,2,0,0,True,"(11.788000106811523,)",(),id1,
2025/07/05/17:49:02.331775,20011,1751712542,331417801,,0.0,0.0,0.009999999776482582,nan,nan,nan,-0.009999999776482582,2,0,0,True,(),(),,
2025/07/05/17:49:02.416787,20012,1751712542,416124967,,11.784000396728516,0.0,-0.6399999856948853,nan,nan,nan,0.7199999690055847,2,0,0,True,"(11.784000396728516,)",(),id1,
2025/07/05/17:49:02.473050,20013,1751712542,472370830,,0.0,0.0,0.009999999776482582,nan,nan,nan,-0.009999999776482582,2,0,0,True,(),(),,
2025/07/05/17:49:02.532804,20014,1751712542,532203091,,11.782000541687012,0.0,-0.6299999952316284,nan,nan,nan,0.7199999690055847,2,0,0,True,"(11.782000541687012,)",(),id1,
2025/07/05/17:49:02.593421,20015,1751712542,592585509,,0.0,0.0,0.009999999776482582,nan,nan,nan,-0.009999999776482582,2,0,0,True,(),(),,
2025/07/05/17:49:02.637777,20016,1751712542,635789721,,11.784000396728516,0.0,-0.4899999797344208,nan,nan,nan,0.7199999690055847,2,0,0,True,"(11.784000396728516,)",(),id1,
2025/07/05/17:49:02.672090,20017,1751712542,671857832,,0.0,0.0,0.009999999776482582,nan,nan,nan,-0.009999999776482582,2,0,0,True,(),(),,
2025/07/05/17:49:02.712837,20018,1751712542,712264953,,11.783000946044922,0.0,-0.5,nan,nan,nan,0.7199999690055847,2,0,0,True,"(11.783000946044922,)",(),id1,
2025/07/05/17:49:02.754633,20019,1751712542,752550315,,0.0,0.0,0.009999999776482582,nan,nan,nan,-0.009999999776482582,2,0,0,True,(),(),,
2025/07/05/17:49:02.812542,20020,1751712542,812080504,,11.681000709533691,0.0,-0.14999999105930328,nan,nan,nan,0.7199999690055847,2,0,0,True,"(11.681000709533691,)",(),id1,
2025/07/05/17:49:02.851884,20021,1751712542,851418816,,0.0,0.0,0.009999999776482582,nan,nan,nan,-0.009999999776482582,2,0,0,True,(),(),,
2025/07/05/17:49:02.932419,20022,1751712542,932104939,,11.647000312805176,0.0,-0.07000000029802322,nan,nan,nan,0.7199999690055847,2,0,0,True,"(11.647000312805176,)",(),id1,
2025/07/05/17:49:02.973122,20023,1751712542,972386538,,0.0,0.0,0.009999999776482582,nan,nan,nan,-0.009999999776482582,2,0,0,True,(),(),,
2025/07/05/17:49:03.013848,20024,1751712543,13181544,,11.672000885009766,0.0,-0.07999999821186066,nan,nan,nan,0.7199999690055847,2,0,0,True,"(11.672000885009766,)",(),id1,
2025/07/05/17:49:03.053721,20025,1751712543,51899502,,0.0,0.0,0.009999999776482582,nan,nan,nan,-0.009999999776482582,2,0,0,True,(),(),,
2025/07/05/17:49:03.112582,20026,1751712543,112087028,,11.782000541687012,0.0,-0.2199999988079071,nan,nan,nan,0.7199999690055847,2,0,0,True,"(11.782000541687012,)",(),id1,
2025/07/05/17:49:03.152617,20027,1751712543,152105494,,0.0,0.0,0.009999999776482582,nan,nan,nan,-0.009999999776482582,2,0,0,True,(),(),,
2025/07/05/17:49:03.214536,20028,1751712543,213685816,,11.75200080871582,0.0,-0.19999998807907104,nan,nan,nan,0.7199999690055847,2,0,0,True,"(11.75200080871582,)",(),id1,
2025/07/05/17:49:03.251921,20029,1751712543,251584265,,0.0,0.0,0.009999999776482582,nan,nan,nan,-0.009999999776482582,2,0,0,True,(),(),,
2025/07/05/17:49:03.293505,20030,1751712543,293164811,,11.75200080871582,0.0,-0.19999998807907104,nan,nan,nan,0.7199999690055847,2,0,0,True,"(11.75200080871582,)",(),id1,
2025/07/05/17:49:03.351860,20031,1751712543,351574409,,0.0,0.0,0.009999999776482582,nan,nan,nan,-0.009999999776482582,2,0,0,True,(),(),,
2025/07/05/17:49:03.436000,20032,1751712543,435493683,,11.78700065612793,0.0,-0.22999998927116394,nan,nan,nan,0.7199999690055847,2,0,0,True,"(11.78700065612793,)",(),id1,
2025/07/05/17:49:03.493799,20033,1751712543,493059209,,0.0,0.0,0.009999999776482582,nan,nan,nan,-0.009999999776482582,2,0,0,True,(),(),,
2025/07/05/17:49:03.593537,20034,1751712543,593255308,,11.794000625610352,0.0,-0.22999998927116394,nan,nan,nan,0.7199999690055847,2,0,0,True,"(11.794000625610352,)",(),id1,
2025/07/05/17:49:03.635401,20035,1751712543,634459000,,0.0,0.0,0.009999999776482582,nan,nan,nan,-0.009999999776482582,2,0,0,True,(),(),,
2025/07/05/17:49:03.674270,20036,1751712543,673031688,,11.749000549316406,0.0,-0.20999999344348907,nan,nan,nan,0.7199999690055847,2,0,0,True,"(11.749000549316406,)",(),id1,
2025/07/05/17:49:03.712746,20037,1751712543,712277550,,0.0,0.0,0.009999999776482582,nan,nan,nan,-0.009999999776482582,2,0,0,True,(),(),,
